timestamps,TP9,AF7,AF8,TP10,Right AUX
1709212143.110,-37.598,-41.504,-37.598,-35.645,0.000
1709212143.114,-38.086,-48.828,-31.250,-36.621,0.000
1709212143.118,-28.809,-50.293,-28.320,-27.344,0.000
1709212143.122,-24.414,-50.293,-37.109,-29.297,0.000
1709212143.126,-25.879,-42.969,-40.527,-40.039,0.000
1709212143.129,-32.715,-40.039,-37.109,-39.062,0.000
1709212143.133,-37.109,-37.109,-35.156,-35.156,0.000
1709212143.137,-32.715,-31.738,-38.574,-47.852,0.000
1709212143.141,-24.414,-33.203,-40.039,-49.316,0.000
1709212143.145,-30.273,-40.527,-42.480,-40.039,0.000
1709212143.149,-38.574,-31.250,-38.086,-47.363,0.000
1709212143.153,-38.086,-26.367,-44.922,-55.664,0.000
1709212143.157,-41.016,-31.738,-45.898,-57.129,0.000
1709212143.161,-37.109,-31.250,-33.203,-53.711,0.000
1709212143.165,-31.250,-33.691,-37.598,-49.805,0.000
1709212143.168,-42.480,-41.016,-40.527,-52.246,0.000
1709212143.172,-52.734,-47.363,-36.621,-49.316,0.000
1709212143.176,-47.363,-54.688,-37.109,-45.410,0.000
1709212143.180,-32.715,-44.922,-34.668,-39.062,0.000
1709212143.184,-33.691,-30.273,-32.715,-41.992,0.000
1709212143.188,-45.410,-29.785,-32.715,-47.363,0.000
1709212143.192,-50.293,-33.203,-32.715,-42.480,0.000
1709212143.196,-53.223,-44.434,-29.297,-51.758,0.000
1709212143.200,-48.828,-46.387,-30.273,-50.293,0.000
1709212143.204,-43.457,-37.109,-34.180,-44.434,0.000
1709212143.208,-45.898,-33.691,-34.180,-53.711,0.000
1709212143.211,-50.293,-37.598,-31.250,-57.129,0.000
1709212143.215,-48.340,-43.945,-36.133,-45.410,0.000
1709212143.219,-43.457,-46.387,-34.180,-43.945,0.000
1709212143.223,-45.898,-41.016,-33.203,-53.223,0.000
1709212143.227,-50.781,-27.832,-39.062,-55.176,0.000
1709212143.231,-53.223,-35.645,-37.109,-51.758,0.000
1709212143.235,-52.734,-48.340,-38.574,-43.457,0.000
1709212143.239,-52.246,-37.598,-33.691,-51.270,0.000
1709212143.243,-49.805,-38.086,-29.785,-52.734,0.000
1709212143.247,-47.852,-46.875,-30.273,-47.363,0.000
1709212143.250,-47.852,-39.062,-33.203,-46.387,0.000
1709212143.254,-45.898,-44.922,-38.086,-41.504,0.000
1709212143.258,-45.898,-51.758,-34.668,-35.645,0.000
1709212143.262,-47.852,-39.551,-32.715,-32.715,0.000
1709212143.266,-44.434,-31.738,-37.109,-45.410,0.000
1709212143.270,-42.480,-40.527,-36.621,-43.945,0.000
1709212143.274,-49.316,-43.457,-41.016,-39.551,0.000
1709212143.278,-41.992,-38.574,-34.180,-34.668,0.000
1709212143.282,-28.809,-37.109,-28.809,-24.414,0.000
1709212143.286,-28.809,-33.203,-32.227,-30.762,0.000
1709212143.290,-38.574,-42.480,-38.086,-36.621,0.000
1709212143.293,-42.969,-48.828,-35.645,-36.621,0.000
1709212143.297,-39.062,-36.621,-37.109,-36.621,0.000
1709212143.301,-38.086,-29.785,-40.527,-38.086,0.000
1709212143.305,-39.062,-32.227,-39.062,-42.480,0.000
1709212143.309,-45.410,-36.621,-37.109,-47.363,0.000
1709212143.313,-48.828,-35.156,-36.621,-40.527,0.000
1709212143.317,-46.875,-36.621,-48.340,-33.203,0.000
1709212143.321,-40.039,-39.062,-38.086,-29.785,0.000
1709212143.325,-41.992,-39.551,-23.926,-27.344,0.000
1709212143.329,-47.363,-39.551,-27.832,-39.551,0.000
1709212143.332,-38.574,-50.781,-33.691,-38.086,0.000
1709212143.336,-38.086,-48.340,-34.180,-26.367,0.000
1709212143.340,-35.156,-30.762,-32.715,-24.414,0.000
1709212143.344,-29.785,-36.133,-32.227,-30.273,0.000
1709212143.348,-38.574,-42.969,-37.598,-33.203,0.000
1709212143.352,-45.898,-40.527,-34.668,-35.645,0.000
1709212143.356,-50.293,-49.316,-32.227,-39.062,0.000
1709212143.360,-41.504,-51.758,-36.133,-38.086,0.000
1709212143.364,-35.156,-49.805,-34.668,-38.086,0.000
1709212143.368,-33.203,-52.734,-30.273,-34.180,0.000
1709212143.371,-34.668,-42.969,-32.715,-28.320,0.000
1709212143.375,-42.969,-34.668,-53.223,-37.598,0.000
1709212143.379,-39.062,-33.691,-47.852,-41.992,0.000
1709212143.383,-36.133,-40.527,-26.367,-43.457,0.000
1709212143.387,-48.828,-44.434,-31.738,-53.223,0.000
1709212143.391,-52.246,-41.992,-39.062,-51.758,0.000
1709212143.395,-46.387,-42.969,-40.527,-42.969,0.000
1709212143.399,-38.574,-42.969,-42.480,-40.039,0.000
1709212143.403,-35.156,-37.109,-41.016,-48.828,0.000
1709212143.407,-46.875,-42.969,-46.875,-62.012,0.000
1709212143.411,-49.805,-48.340,-41.016,-56.641,0.000
1709212143.414,-43.457,-44.434,-40.039,-42.969,0.000
1709212143.418,-41.016,-39.551,-46.387,-48.828,0.000
1709212143.422,-24.902,-41.504,-47.852,-53.223,0.000
1709212143.426,-21.484,-49.805,-44.922,-46.875,0.000
1709212143.430,-41.016,-35.156,-45.898,-51.758,0.000
1709212143.434,-46.387,-19.043,-51.758,-53.711,0.000
1709212143.438,-46.387,-33.203,-53.711,-54.688,0.000
1709212143.442,-41.992,-48.828,-47.363,-55.664,0.000
1709212143.446,-41.016,-41.992,-46.387,-53.223,0.000
1709212143.450,-39.551,-23.926,-45.898,-49.316,0.000
1709212143.453,-41.992,-26.855,-40.527,-44.922,0.000
1709212143.457,-45.898,-37.109,-38.086,-43.945,0.000
1709212143.461,-42.969,-33.203,-33.203,-38.574,0.000
1709212143.465,-36.133,-35.156,-35.156,-40.527,0.000
1709212143.469,-29.297,-38.574,-42.969,-43.945,0.000
1709212143.473,-41.992,-22.949,-39.551,-39.062,0.000
1709212143.477,-45.898,-23.926,-39.551,-33.203,0.000
1709212143.481,-35.156,-36.621,-43.457,-32.227,0.000
1709212143.485,-35.156,-41.016,-42.969,-38.086,0.000
1709212143.489,-32.715,-49.805,-37.598,-41.504,0.000
1709212143.493,-31.250,-40.039,-46.387,-42.969,0.000
1709212143.496,-34.668,-37.598,-45.410,-47.363,0.000
1709212143.500,-28.809,-46.875,-33.691,-39.062,0.000
1709212143.504,-34.180,-42.480,-35.645,-37.109,0.000
1709212143.508,-34.668,-38.574,-38.574,-44.922,0.000
1709212143.512,-36.133,-38.086,-38.574,-52.734,0.000
1709212143.516,-51.270,-41.992,-39.551,-47.852,0.000
1709212143.520,-37.598,-43.945,-42.969,-32.227,0.000
1709212143.524,-24.414,-40.527,-34.180,-38.574,0.000
1709212143.528,-30.762,-41.504,-28.809,-43.945,0.000
1709212143.532,-40.527,-39.062,-33.203,-36.621,0.000
1709212143.536,-40.039,-36.621,-34.180,-30.762,0.000
1709212143.539,-38.086,-41.992,-42.969,-31.250,0.000
1709212143.543,-40.039,-38.574,-42.480,-30.273,0.000
1709212143.547,-46.387,-32.227,-35.645,-36.133,0.000
1709212143.551,-52.734,-40.527,-46.875,-39.062,0.000
1709212143.555,-52.246,-44.434,-40.527,-32.715,0.000
1709212143.559,-41.016,-34.668,-32.715,-37.109,0.000
1709212143.563,-34.180,-41.992,-43.457,-39.551,0.000
1709212143.567,-36.133,-49.805,-48.340,-41.992,0.000
1709212143.571,-37.598,-37.598,-43.945,-50.781,0.000
1709212143.575,-36.621,-24.902,-40.527,-42.969,0.000
1709212143.579,-32.227,-26.855,-34.668,-29.297,0.000
1709212143.582,-27.344,-37.598,-31.250,-30.762,0.000
1709212143.586,-28.320,-39.062,-31.738,-38.086,0.000
1709212143.590,-36.133,-41.504,-41.992,-44.434,0.000
1709212143.594,-42.480,-39.551,-46.387,-42.480,0.000
1709212143.598,-38.086,-30.273,-46.387,-33.691,0.000
1709212143.602,-28.809,-30.273,-44.434,-30.762,0.000
1709212143.606,-25.879,-29.785,-36.133,-36.621,0.000
1709212143.610,-22.949,-31.738,-36.133,-29.785,0.000
1709212143.614,-26.367,-32.227,-41.016,-24.902,0.000
1709212143.618,-21.973,-32.227,-37.109,-20.508,0.000
1709212143.621,-18.555,-43.457,-39.062,-18.066,0.000
1709212143.625,-14.648,-43.945,-40.527,-22.461,0.000
1709212143.629,-19.531,-34.180,-42.480,-25.391,0.000
1709212143.633,-35.156,-34.668,-39.062,-20.996,0.000
1709212143.637,-29.297,-37.109,-34.668,-18.555,0.000
1709212143.641,-19.043,-37.598,-37.109,-19.531,0.000
1709212143.645,-22.949,-39.551,-37.109,-23.438,0.000
1709212143.649,-31.250,-39.062,-34.180,-33.691,0.000
1709212143.653,-40.527,-47.852,-38.086,-35.645,0.000
1709212143.657,-35.645,-53.223,-37.109,-21.484,0.000
1709212143.661,-22.461,-41.504,-32.227,-20.996,0.000
1709212143.664,-22.949,-35.156,-35.645,-23.926,0.000
1709212143.668,-34.180,-48.340,-41.504,-24.414,0.000
1709212143.672,-36.621,-49.805,-45.410,-34.180,0.000
1709212143.676,-24.414,-40.527,-42.480,-33.203,0.000
1709212143.680,-23.438,-42.480,-37.598,-25.879,0.000
1709212143.684,-22.461,-49.316,-37.109,-23.926,0.000
1709212143.688,-14.160,-43.457,-36.621,-26.367,0.000
1709212143.692,-21.484,-33.691,-42.969,-32.227,0.000
1709212143.696,-35.156,-44.434,-38.574,-30.273,0.000
1709212143.700,-38.574,-56.641,-41.504,-17.090,0.000
1709212143.703,-41.504,-46.875,-50.293,-20.996,0.000
1709212143.707,-38.086,-45.898,-44.434,-29.297,0.000
1709212143.711,-40.039,-48.828,-41.992,-32.227,0.000
1709212143.715,-52.246,-39.062,-39.062,-34.668,0.000
1709212143.719,-46.875,-44.434,-36.621,-34.180,0.000
1709212143.723,-37.109,-48.340,-37.598,-33.203,0.000
1709212143.727,-45.410,-44.434,-45.898,-31.738,0.000
1709212143.731,-54.199,-46.387,-44.922,-33.203,0.000
1709212143.735,-61.523,-51.758,-37.598,-46.387,0.000
1709212143.739,-57.129,-57.129,-37.598,-48.340,0.000
1709212143.743,-49.805,-51.270,-48.340,-38.574,0.000
1709212143.746,-54.688,-40.527,-41.992,-34.668,0.000
1709212143.750,-60.059,-40.527,-36.621,-51.270,0.000
1709212143.754,-52.246,-41.992,-40.039,-52.246,0.000
1709212143.758,-47.363,-40.527,-38.574,-44.434,0.000
1709212143.762,-53.223,-43.457,-43.945,-58.105,0.000
1709212143.766,-42.480,-38.086,-40.527,-59.570,0.000
1709212143.770,-34.180,-39.551,-33.691,-55.664,0.000
1709212143.774,-50.781,-42.480,-45.410,-58.594,0.000
1709212143.778,-56.641,-35.156,-53.223,-48.828,0.000
1709212143.781,-41.992,-34.180,-47.363,-39.062,0.000
1709212143.785,-40.039,-41.504,-41.016,-41.992,0.000
1709212143.789,-39.062,-45.410,-31.738,-31.738,0.000
1709212143.793,-38.086,-33.203,-24.902,-30.273,0.000
1709212143.797,-37.598,-37.109,-31.250,-42.480,0.000
1709212143.801,-27.832,-43.945,-33.203,-36.621,0.000
1709212143.805,-25.391,-35.156,-37.598,-29.785,0.000
1709212143.809,-33.691,-49.316,-45.898,-39.062,0.000
1709212143.813,-39.551,-46.875,-42.969,-45.898,0.000
1709212143.817,-34.668,-32.227,-45.410,-41.992,0.000
1709212143.820,-30.273,-41.504,-41.016,-40.039,0.000
1709212143.824,-31.738,-43.457,-30.762,-32.715,0.000
1709212143.828,-40.039,-35.645,-28.809,-39.062,0.000
1709212143.832,-50.293,-42.480,-34.180,-38.086,0.000
1709212143.836,-48.340,-46.387,-36.133,-30.762,0.000
1709212143.840,-36.133,-39.551,-37.598,-35.645,0.000
1709212143.844,-35.156,-40.527,-36.621,-33.203,0.000
1709212143.848,-36.621,-39.551,-34.180,-25.391,0.000
1709212143.852,-42.480,-35.645,-28.320,-37.109,0.000
1709212143.856,-56.152,-31.738,-29.297,-52.246,0.000
1709212143.860,-50.293,-28.809,-31.250,-45.898,0.000
1709212143.863,-41.992,-32.227,-32.227,-43.945,0.000
1709212143.867,-40.039,-30.273,-37.598,-47.852,0.000
1709212143.871,-35.156,-29.297,-36.133,-51.758,0.000
1709212143.875,-40.039,-32.227,-47.363,-60.059,0.000
1709212143.879,-44.922,-37.109,-51.758,-57.617,0.000
1709212143.883,-46.387,-34.668,-36.133,-54.199,0.000
1709212143.887,-43.457,-32.227,-41.016,-57.617,0.000
1709212143.891,-35.156,-31.738,-42.480,-48.828,0.000
1709212143.895,-26.367,-36.133,-37.109,-33.203,0.000
1709212143.899,-21.484,-46.387,-38.574,-31.738,0.000
1709212143.903,-22.949,-45.898,-39.062,-34.668,0.000
1709212143.906,-23.438,-41.504,-38.086,-34.180,0.000
1709212143.910,-21.973,-31.738,-34.180,-28.320,0.000
1709212143.914,-19.531,-29.297,-41.504,-30.273,0.000
1709212143.918,-7.812,-37.109,-40.039,-29.785,0.000
1709212143.922,-12.207,-39.551,-36.621,-27.832,0.000
1709212143.926,-20.996,-37.598,-42.969,-35.156,0.000
1709212143.930,-23.926,-41.504,-38.574,-35.156,0.000
1709212143.934,-34.180,-38.086,-31.250,-40.527,0.000
1709212143.938,-34.180,-36.133,-37.598,-38.574,0.000
1709212143.942,-30.762,-31.250,-36.621,-31.738,0.000
1709212143.946,-40.527,-26.367,-27.344,-42.969,0.000
1709212143.949,-47.363,-31.738,-28.809,-46.387,0.000
1709212143.953,-47.852,-35.645,-31.738,-41.016,0.000
1709212143.957,-47.363,-39.062,-27.832,-44.434,0.000
1709212143.961,-37.598,-38.574,-24.902,-41.992,0.000
1709212143.965,-38.574,-39.062,-32.715,-34.180,0.000
1709212143.969,-54.688,-44.922,-37.598,-41.504,0.000
1709212143.973,-58.105,-48.340,-35.156,-48.340,0.000
1709212143.977,-50.781,-38.086,-35.645,-43.457,0.000
1709212143.981,-42.969,-29.785,-38.574,-32.715,0.000
1709212143.985,-31.738,-36.133,-37.598,-23.926,0.000
1709212143.988,-44.434,-38.086,-42.969,-40.039,0.000
1709212143.992,-57.617,-36.133,-44.434,-53.223,0.000
1709212143.996,-50.781,-34.180,-48.340,-48.828,0.000
1709212144.000,-37.598,-25.391,0.000,-44.922,0.000
1709212144.004,-37.109,-18.555,0.000,-45.898,0.000
1709212144.008,-41.016,-26.855,0.000,-49.316,0.000
1709212144.012,-40.039,-35.156,0.000,-45.410,0.000
1709212144.016,-43.457,-39.551,0.000,-39.551,0.000
1709212144.020,-41.992,-33.203,0.000,-39.062,0.000
1709212144.024,-39.062,-25.391,0.000,-43.457,0.000
1709212144.028,-38.086,-32.227,0.000,-45.898,0.000
1709212144.031,-47.363,-32.715,0.000,-46.875,0.000
1709212144.035,-52.734,-30.762,0.000,-51.270,0.000
1709212144.039,-52.246,-42.969,0.000,-48.828,0.000
1709212144.043,-39.062,-38.574,0.000,-47.363,0.000
1709212144.047,-39.062,-33.691,-33.691,-54.199,0.000
1709212144.051,-56.152,-42.969,-38.574,-63.477,0.000
1709212144.055,-53.223,-46.875,-43.457,-55.664,0.000
1709212144.059,-46.875,-48.828,-37.598,-43.945,0.000
1709212144.063,-45.898,-48.340,-29.785,-40.039,0.000
1709212144.067,-53.711,-44.434,-29.785,-39.062,0.000
1709212144.071,-62.012,-45.898,-34.180,-42.480,0.000
1709212144.074,-58.594,-56.641,-33.203,-33.691,0.000
1709212144.078,-55.176,-44.434,-32.715,-30.762,0.000
1709212144.082,-51.758,-31.738,-36.133,-37.109,0.000
1709212144.086,-45.898,-37.109,-29.297,-46.387,0.000
1709212144.090,-52.246,-37.109,-30.273,-50.781,0.000
1709212144.094,-58.105,-27.344,-46.875,-55.664,0.000
1709212144.098,-58.105,-27.832,-41.992,-51.758,0.000
1709212144.102,-51.270,-41.016,-33.691,-47.363,0.000
1709212144.106,-44.434,-44.434,-37.109,-36.133,0.000
1709212144.110,-60.059,-39.551,-36.133,-24.414,0.000
1709212144.114,-63.477,-42.969,-37.109,-29.785,0.000
1709212144.118,-61.035,-38.574,-39.551,-34.180,0.000
1709212144.122,-64.453,-40.527,-41.016,-41.992,0.000
1709212144.126,-53.711,-42.480,-45.410,-47.363,0.000
1709212144.130,-48.828,-39.062,-51.270,-41.504,0.000
1709212144.133,-56.641,-38.574,-55.176,-42.480,0.000
1709212144.137,-55.176,-41.016,-54.199,-34.180,0.000
1709212144.141,-49.805,-41.992,0.000,0.000,0.000
1709212144.145,-41.504,-40.039,0.000,0.000,0.000
1709212144.149,-36.133,-43.945,0.000,0.000,0.000
1709212144.153,-37.109,-43.945,0.000,0.000,0.000
1709212144.157,-29.297,-38.086,0.000,0.000,0.000
1709212144.161,-24.414,-42.480,0.000,0.000,0.000
1709212144.165,-32.227,-32.227,0.000,0.000,0.000
1709212144.169,-32.227,-8.789,0.000,0.000,0.000
1709212144.173,-29.785,-10.254,0.000,0.000,0.000
1709212144.176,-25.879,-7.812,0.000,0.000,0.000
1709212144.180,-25.879,5.371,0.000,0.000,0.000
1709212144.184,-23.926,13.184,0.000,0.000,0.000
1709212144.188,-25.879,18.555,-61.523,-35.645,0.000
1709212144.192,-32.715,12.207,-70.801,-48.828,0.000
1709212144.196,-35.156,9.766,-76.172,-52.734,0.000
1709212144.200,-19.531,22.949,-78.125,-44.922,0.000
1709212144.204,-13.184,27.832,-78.613,-44.922,0.000
1709212144.208,-22.461,30.273,-87.891,-55.176,0.000
1709212144.212,-18.555,36.133,-92.285,-47.363,0.000
1709212144.216,-13.184,28.320,-93.262,-44.922,0.000
1709212144.220,0.488,39.551,-96.191,-49.805,0.000
1709212144.223,15.625,56.641,-95.703,-40.039,0.000
1709212144.227,16.602,54.688,-98.633,-35.645,0.000
1709212144.231,8.789,58.594,-100.586,-39.551,0.000
1709212144.235,11.719,62.012,-97.656,-28.320,0.000
1709212144.239,29.785,55.176,-95.215,-20.508,0.000
1709212144.243,40.527,57.129,-95.703,-19.531,0.000
1709212144.247,40.039,62.500,-97.168,-20.020,0.000
1709212144.251,37.598,64.453,-92.773,-22.949,0.000
1709212144.255,43.457,64.453,-89.844,-14.648,0.000
1709212144.259,44.434,61.035,-87.402,-10.254,0.000
1709212144.263,47.852,53.711,-86.426,-3.418,0.000
1709212144.266,51.758,53.223,-87.891,1.953,0.000
1709212144.270,44.434,47.852,-83.984,7.812,0.000
1709212144.274,33.691,48.828,-85.938,7.812,0.000
1709212144.278,29.297,44.922,-89.844,4.883,0.000
1709212144.282,24.902,25.391,-91.797,2.930,0.000
1709212144.286,20.020,29.785,-90.820,-4.883,0.000
1709212144.290,12.695,40.527,-86.426,-11.719,0.000
1709212144.294,8.789,32.715,-89.355,-12.207,0.000
1709212144.298,11.719,30.273,-93.750,-16.602,0.000
1709212144.302,1.953,29.785,-87.891,-26.855,0.000
1709212144.305,-8.301,25.879,-80.078,-27.832,0.000
1709212144.309,-11.719,20.508,-77.637,-32.227,0.000
1709212144.313,-19.531,13.672,-72.754,-32.227,0.000
1709212144.317,-20.996,9.766,-76.660,-22.461,0.000
1709212144.321,-7.812,6.836,-75.684,-21.484,0.000
1709212144.325,-10.254,7.324,-68.359,-32.227,0.000
1709212144.329,-22.949,5.371,0.000,-40.527,0.000
1709212144.333,-21.484,6.836,0.000,-40.039,0.000
1709212144.337,-22.949,-1.465,0.000,-37.598,0.000
1709212144.341,-20.020,-7.812,0.000,-40.039,0.000
1709212144.345,-24.414,-5.371,0.000,-50.781,0.000
1709212144.349,-38.086,-3.906,0.000,-57.129,0.000
1709212144.353,-42.480,-5.371,0.000,-52.734,0.000
1709212144.357,-41.504,-10.742,0.000,-46.387,0.000
1709212144.360,-37.109,-19.531,0.000,-32.227,0.000
1709212144.364,-35.645,-20.020,0.000,-38.086,0.000
1709212144.368,-39.062,-13.184,0.000,-41.504,0.000
1709212144.372,-38.086,-14.648,0.000,-35.156,0.000
1709212144.376,-39.062,-17.578,-62.012,-38.574,0.000
1709212144.380,-34.180,-14.160,-66.406,-31.738,0.000
1709212144.384,-26.367,-11.230,-62.988,-28.320,0.000
1709212144.388,-33.691,-14.648,-60.059,-30.273,0.000
1709212144.392,-42.969,-20.020,-62.012,-35.156,0.000
1709212144.396,-47.852,-16.113,-56.152,-38.574,0.000
1709212144.399,-32.227,-11.719,-48.828,-33.203,0.000
1709212144.403,-24.414,-24.414,-53.223,-25.879,0.000
1709212144.407,-29.297,-29.785,-53.223,-20.996,0.000
1709212144.411,-32.227,-25.391,-55.664,-42.480,0.000
1709212144.415,-41.992,-25.391,-61.523,-56.152,0.000
1709212144.419,-37.109,-22.949,-67.871,-46.387,0.000
1709212144.423,-24.902,-20.508,-72.266,-49.805,0.000
1709212144.427,-33.203,-12.695,-65.430,-59.082,0.000
1709212144.431,-41.016,-14.160,-58.594,-64.453,0.000
1709212144.435,-41.016,-18.555,-61.035,-62.500,0.000
1709212144.438,-35.645,-20.508,-61.035,-53.711,0.000
1709212144.442,-28.320,-29.297,-52.246,-44.922,0.000
1709212144.446,-30.762,-37.109,-51.270,-39.062,0.000
1709212144.450,-30.762,-30.762,-51.758,-26.855,0.000
1709212144.454,-37.598,-26.855,-58.105,-35.645,0.000
1709212144.458,-37.598,-29.297,-59.082,-41.992,0.000
1709212144.462,-25.879,-28.809,-43.945,-26.855,0.000
1709212144.466,-29.297,-27.344,-36.133,-34.668,0.000
1709212144.470,0.000,-20.508,-37.109,-44.922,0.000
1709212144.474,0.000,-16.602,-39.062,-43.945,0.000
1709212144.477,0.000,-20.508,-42.480,-37.109,0.000
1709212144.481,0.000,-20.996,-41.992,-34.180,0.000
1709212144.485,0.000,-19.531,-40.039,-32.227,0.000
1709212144.489,0.000,-23.438,-38.086,-32.227,0.000
1709212144.493,0.000,-27.344,-41.016,-37.598,0.000
1709212144.497,0.000,-25.879,-48.828,-39.551,0.000
1709212144.501,0.000,-29.785,-50.293,-44.922,0.000
1709212144.505,0.000,-34.668,-51.758,-41.992,0.000
1709212144.509,0.000,-41.504,-46.875,-39.551,0.000
1709212144.513,0.000,-51.270,-41.992,-42.480,0.000
1709212144.516,-40.039,-42.969,-38.086,-37.109,0.000
1709212144.520,-39.062,-38.574,-43.945,-41.016,0.000
1709212144.524,-39.551,-42.969,-51.270,-36.621,0.000
1709212144.528,-33.691,-41.504,-46.875,-35.156,0.000
1709212144.532,-37.109,-44.434,-43.457,-40.527,0.000
1709212144.536,-35.156,-34.668,-39.551,-32.715,0.000
1709212144.540,-19.531,-29.785,-37.109,-20.996,0.000
1709212144.544,-11.719,-41.504,-37.109,-27.832,0.000
1709212144.548,-19.531,-45.898,-42.969,-37.109,0.000
1709212144.552,-34.180,-31.738,-42.969,-42.480,0.000
1709212144.556,-41.504,-20.996,-37.109,-40.527,0.000
1709212144.559,-41.504,-25.391,-39.062,-40.039,0.000
1709212144.563,-38.086,-34.668,-34.668,-42.480,0.000
1709212144.567,-43.457,-37.598,-33.691,-41.992,0.000
1709212144.571,-50.293,-44.434,-41.504,-37.109,0.000
1709212144.575,-55.176,-44.922,-41.992,-37.109,0.000
1709212144.579,-52.246,-34.180,-40.039,-37.109,0.000
1709212144.583,-47.363,-33.203,-43.945,-36.621,0.000
1709212144.587,-46.387,-36.133,-45.410,-45.410,0.000
1709212144.591,-48.828,-34.668,-41.016,-53.223,0.000
1709212144.595,-56.641,-42.969,-41.992,-55.176,0.000
1709212144.598,-60.059,-48.828,-39.551,-45.898,0.000
1709212144.602,-55.176,-44.434,-37.109,-38.086,0.000
1709212144.606,-52.734,-37.598,-35.645,-41.504,0.000
1709212144.610,-59.570,-30.762,-31.738,-46.387,0.000
1709212144.614,-55.176,-38.574,-28.809,-40.039,0.000
1709212144.618,-49.316,-43.945,-33.203,-35.645,0.000
1709212144.622,-42.480,-34.668,-41.504,-29.297,0.000
1709212144.626,-28.809,-34.668,-51.758,-32.715,0.000
1709212144.630,-29.785,-33.203,-45.898,-36.133,0.000
1709212144.634,-39.551,-33.203,-27.832,-33.691,0.000
1709212144.637,-34.668,-32.715,-28.320,-41.992,0.000
1709212144.641,-30.762,-33.203,-27.344,-47.363,0.000
1709212144.645,-33.203,-40.039,-22.461,-31.250,0.000
1709212144.649,-34.668,-37.598,-25.879,-31.250,0.000
1709212144.653,-38.086,-33.691,-35.156,-41.016,0.000
1709212144.657,-35.645,-25.879,-38.086,-40.527,0.000
1709212144.661,-34.180,-19.531,-39.551,-43.945,0.000
1709212144.665,-28.809,-27.344,-41.504,-45.898,0.000
1709212144.669,-27.344,-42.969,-40.039,-45.898,0.000
1709212144.673,-39.551,-47.852,-46.387,-51.758,0.000
1709212144.677,-40.039,-39.062,-52.734,-57.129,0.000
1709212144.681,-31.738,-32.227,-50.293,-54.199,0.000
1709212144.685,-23.926,-25.879,-42.480,-48.340,0.000
1709212144.688,-28.320,-36.133,-43.457,-48.828,0.000
1709212144.692,-38.574,-43.945,-45.898,-41.504,0.000
1709212144.696,-34.180,-33.203,-47.363,-40.527,0.000
1709212144.700,-25.879,-29.297,-42.969,-38.574,0.000
1709212144.704,-24.414,-32.227,-41.992,-37.109,0.000
1709212144.708,-25.879,-31.250,-45.410,-34.668,0.000
1709212144.712,-33.691,-26.855,-47.363,-41.504,0.000
1709212144.716,-42.969,-32.227,-46.387,-52.734,0.000
1709212144.720,-47.852,-42.969,-43.457,-50.293,0.000
1709212144.724,-46.387,-46.387,-40.527,-46.387,0.000
1709212144.728,-48.828,-49.805,-41.992,-48.828,0.000
1709212144.731,-50.293,-66.406,-42.480,-52.734,0.000
1709212144.735,-54.199,-64.941,-48.828,-42.969,0.000
1709212144.739,-48.828,-47.363,-50.293,-32.715,0.000
1709212144.743,-40.527,-40.527,-41.504,-33.691,0.000
1709212144.747,-45.898,-43.457,-37.598,-35.156,0.000
1709212144.751,-47.852,-48.340,-37.109,-31.250,0.000
1709212144.755,-41.504,-49.316,-40.527,-28.809,0.000
1709212144.759,-35.645,-46.387,-52.246,-34.668,0.000
1709212144.763,-26.855,-47.363,-50.293,-36.133,0.000
1709212144.767,-25.391,-54.199,-40.527,-38.574,0.000
1709212144.770,-32.227,-58.105,-36.133,-42.969,0.000
1709212144.774,-40.039,-59.082,-41.504,-47.852,0.000
1709212144.778,-36.621,-45.410,-40.039,-39.062,0.000
1709212144.782,-28.320,-40.039,-33.691,-31.250,0.000
1709212144.786,-33.691,-49.805,-41.016,-41.504,0.000
1709212144.790,-41.016,-52.734,-42.969,-44.922,0.000
1709212144.794,-51.758,-43.945,-41.504,-53.223,0.000
1709212144.798,-50.781,-29.785,-48.828,-50.781,0.000
1709212144.802,-40.039,-29.297,-51.270,-34.668,0.000
1709212144.806,-40.527,-39.551,-49.316,-36.621,0.000
1709212144.809,-39.551,-43.945,-47.852,-43.457,0.000
1709212144.813,-37.598,-46.875,-48.340,-42.480,0.000
1709212144.817,-39.062,-44.922,-47.363,-43.945,0.000
1709212144.821,-43.457,-46.875,-49.805,-49.316,0.000
1709212144.825,-48.340,-52.734,-51.758,-43.945,0.000
1709212144.829,-51.758,-51.270,-42.480,-46.387,0.000
1709212144.833,-53.223,-52.734,-36.621,-52.246,0.000
1709212144.837,-50.781,-44.434,-40.039,-42.480,0.000
1709212144.841,-42.969,-37.109,-43.457,-36.133,0.000
1709212144.845,0.000,-48.828,0.000,-33.691,0.000
1709212144.849,0.000,-41.992,0.000,-43.457,0.000
1709212144.853,0.000,-31.738,0.000,-50.781,0.000
1709212144.857,0.000,-35.156,0.000,-38.574,0.000
1709212144.860,0.000,-33.691,0.000,-21.973,0.000
1709212144.864,0.000,-34.180,0.000,-19.043,0.000
1709212144.868,0.000,-34.180,0.000,-22.461,0.000
1709212144.872,0.000,-38.086,0.000,-19.043,0.000
1709212144.876,0.000,-29.785,0.000,-29.785,0.000
1709212144.880,0.000,-32.227,0.000,-29.297,0.000
1709212144.884,0.000,-48.828,0.000,-28.320,0.000
1709212144.888,0.000,-39.551,0.000,-37.109,0.000
1709212144.892,-40.039,-30.762,-33.203,-37.109,0.000
1709212144.896,-36.133,-29.297,-32.227,-40.039,0.000
1709212144.900,-34.668,-25.391,-37.109,-38.574,0.000
1709212144.903,-33.203,-25.391,-38.574,-37.109,0.000
1709212144.907,-30.762,-33.203,-35.156,-41.992,0.000
1709212144.911,-39.551,-49.805,-40.039,-41.016,0.000
1709212144.915,-49.316,-43.945,-50.293,-28.809,0.000
1709212144.919,-41.504,-24.414,-44.922,-34.180,0.000
1709212144.923,-34.668,-31.250,-43.457,-38.574,0.000
1709212144.927,-38.574,-37.598,-41.504,-41.992,0.000
1709212144.931,-49.805,-34.180,-35.156,-53.711,0.000
1709212144.935,-63.965,-44.922,-36.621,-57.617,0.000
1709212144.939,-59.570,-49.316,-33.691,-51.758,0.000
1709212144.942,-48.828,-43.457,-33.691,-45.410,0.000
1709212144.946,-44.434,-41.016,-43.945,-48.828,0.000
1709212144.950,-40.039,-42.480,-40.039,-51.270,0.000
1709212144.954,-45.898,-44.922,-26.855,-46.875,0.000
1709212144.958,-44.922,-42.969,-25.391,-36.621,0.000
1709212144.962,-40.039,-37.598,-29.785,-36.621,0.000
1709212144.966,-43.945,-45.898,-30.762,-39.551,0.000
1709212144.970,-46.875,-55.176,-26.855,-44.922,0.000
1709212144.974,-45.898,-51.270,-31.250,-47.852,0.000
1709212144.978,-43.457,-42.969,-27.344,-41.016,0.000
1709212144.981,-42.480,-44.434,-27.344,-38.574,0.000
1709212144.986,0.000,-45.898,-34.668,0.000,0.000
1709212144.989,0.000,-39.551,-31.250,0.000,0.000
1709212144.993,0.000,-38.574,-36.621,0.000,0.000
1709212144.997,0.000,-39.062,-42.480,0.000,0.000
1709212145.001,0.000,-38.086,-35.645,0.000,0.000
1709212145.005,0.000,-37.109,-32.227,0.000,0.000
1709212145.009,0.000,-38.086,-42.480,0.000,0.000
1709212145.013,0.000,-41.992,-51.270,0.000,0.000
1709212145.017,0.000,-43.457,-44.434,0.000,0.000
1709212145.021,0.000,-38.574,-46.387,0.000,0.000
1709212145.025,0.000,-32.227,-50.781,0.000,0.000
1709212145.029,0.000,-36.621,-45.898,0.000,0.000
1709212145.032,-30.762,-36.621,-42.969,-35.156,0.000
1709212145.036,-32.227,-33.203,-41.016,-35.156,0.000
1709212145.040,-40.039,-31.250,-41.992,-35.645,0.000
1709212145.044,-36.621,-27.832,-42.480,-43.457,0.000
1709212145.048,-35.645,-39.551,-39.551,-42.480,0.000
1709212145.052,-52.246,-52.246,-39.551,-45.898,0.000
1709212145.056,-58.105,-42.480,-43.945,-44.434,0.000
1709212145.060,-52.734,-34.180,-43.945,-37.109,0.000
1709212145.064,-54.199,-40.527,-44.434,-39.551,0.000
1709212145.068,-46.875,-38.086,-48.340,-31.738,0.000
1709212145.071,-51.758,-37.598,-48.828,-29.297,0.000
1709212145.075,-75.195,-37.109,-49.316,-41.504,0.000
1709212145.079,-65.430,-36.621,-52.734,-48.340,0.000
1709212145.083,-54.199,-34.180,-59.570,-48.340,0.000
1709212145.087,-48.828,-31.250,-56.152,-45.410,0.000
1709212145.091,-45.898,-43.945,-51.758,-42.480,0.000
1709212145.095,-52.246,-46.387,-52.734,-40.527,0.000
1709212145.099,-52.734,-28.320,-53.223,-42.969,0.000
1709212145.103,-41.016,-20.020,-54.199,-45.410,0.000
1709212145.107,-35.156,-22.461,-46.875,-33.691,0.000
1709212145.111,-39.551,-27.344,-45.898,-29.785,0.000
1709212145.114,-40.039,-31.738,-54.688,-46.875,0.000
1709212145.118,-42.480,-35.156,-62.500,-52.734,0.000
1709212145.122,-42.480,-46.387,-54.688,-37.598,0.000
1709212145.126,-30.762,-46.387,-45.410,-27.832,0.000
1709212145.130,-22.949,-36.621,-38.086,-28.320,0.000
1709212145.134,-35.156,-39.062,-34.668,-39.551,0.000
1709212145.138,-41.992,-39.551,-37.598,-42.480,0.000
1709212145.142,-41.504,-37.598,-37.598,-34.668,0.000
1709212145.146,-38.086,-41.992,-30.762,-24.414,0.000
1709212145.150,-32.715,-49.805,-28.809,-24.414,0.000
1709212145.153,-42.480,-48.340,-31.738,-32.227,0.000
1709212145.157,-45.898,-37.598,-31.250,-20.996,0.000
1709212145.161,-40.527,-34.180,-36.133,-28.320,0.000
1709212145.165,-34.180,-36.133,-32.715,-31.250,0.000
1709212145.169,-38.574,-36.133,-24.414,-31.250,0.000
1709212145.173,-42.969,-41.992,-25.879,-29.785,0.000
1709212145.177,-46.875,-48.340,-30.273,-27.344,0.000
1709212145.181,-46.875,-39.551,-34.668,-30.762,0.000
1709212145.185,-40.527,-36.133,-37.109,-30.762,0.000
1709212145.189,-40.527,-40.527,-38.574,-35.645,0.000
1709212145.192,-48.340,-34.180,-44.922,-38.574,0.000
1709212145.196,-49.316,-36.133,-46.875,-35.645,0.000
1709212145.200,-39.551,-43.945,-39.551,-27.832,0.000
1709212145.204,-32.715,-34.180,-37.598,-34.180,0.000
1709212145.208,-36.621,-32.227,-42.480,-43.945,0.000
1709212145.212,-47.363,-44.922,-52.734,-32.715,0.000
1709212145.216,-45.410,-41.992,-46.387,-32.227,0.000
1709212145.220,-39.551,-34.668,-43.457,-34.180,0.000
1709212145.224,-37.109,-40.039,-47.363,-33.691,0.000
1709212145.228,-24.902,-42.480,-43.457,-34.180,0.000
1709212145.231,-34.180,-32.715,-44.434,-42.969,0.000
1709212145.235,-48.828,-25.391,-48.828,-49.805,0.000
1709212145.239,-36.133,-26.855,-38.574,-44.434,0.000
1709212145.243,-23.926,-31.738,-28.320,-39.551,0.000
1709212145.247,-27.832,-43.457,-26.855,-36.133,0.000
1709212145.251,-46.875,-52.734,-35.645,-47.852,0.000
1709212145.255,-51.270,-40.527,-46.387,-54.199,0.000
1709212145.259,-52.246,-30.273,-45.410,-50.781,0.000
1709212145.263,-53.223,-29.297,-49.316,-54.688,0.000
1709212145.267,-44.434,-32.227,-51.270,-59.570,0.000
1709212145.270,-41.504,-41.504,-46.387,-60.059,0.000
1709212145.274,-47.852,-44.922,-37.109,-44.434,0.000
1709212145.278,-53.223,-47.852,-35.156,-28.809,0.000
1709212145.282,-51.270,-45.410,-36.621,-37.598,0.000
1709212145.286,-51.270,-40.527,-33.691,-52.246,0.000
1709212145.290,-61.523,-49.805,-38.086,-46.387,0.000
1709212145.294,-67.871,-48.828,-46.387,-49.316,0.000
1709212145.298,-62.500,-51.270,-44.922,-54.688,0.000
1709212145.302,-61.523,-58.594,-41.992,-52.734,0.000
1709212145.306,-61.523,-46.875,-39.062,-49.316,0.000
1709212145.310,-53.711,-37.598,-40.527,-47.852,0.000
1709212145.313,-50.781,-33.203,-41.504,-50.293,0.000
1709212145.317,-45.898,-36.133,-32.227,-50.293,0.000
1709212145.321,-34.180,-48.340,-30.762,-46.387,0.000
1709212145.325,-23.438,-38.574,-32.227,-41.016,0.000
1709212145.329,-25.879,-37.598,-36.133,-47.363,0.000
1709212145.333,-34.180,-49.805,-39.062,-54.688,0.000
1709212145.337,-29.785,-50.781,-35.645,-56.152,0.000
1709212145.341,-22.949,-44.434,-39.551,-49.316,0.000
1709212145.345,-25.879,-46.387,-40.039,-39.551,0.000
1709212145.349,-32.715,-46.875,-34.668,-36.621,0.000
1709212145.353,-39.551,-41.016,-39.551,-39.062,0.000
1709212145.356,-38.574,-44.434,-44.434,-48.828,0.000
1709212145.360,-31.250,-50.781,-37.109,-43.945,0.000
1709212145.364,-30.273,-48.828,-32.715,-43.457,0.000
1709212145.368,-26.855,-39.062,-37.109,-45.898,0.000
1709212145.372,-33.691,-35.156,-41.016,-47.363,0.000
1709212145.376,-42.480,-28.809,-38.086,-53.711,0.000
1709212145.380,-38.574,-29.297,-39.551,-52.246,0.000
1709212145.384,-27.344,-40.039,-42.480,-42.969,0.000
1709212145.388,-33.691,-36.133,-43.457,-46.387,0.000
1709212145.392,-45.898,-23.926,-41.504,-54.199,0.000
1709212145.396,-51.758,-36.133,-41.992,-48.340,0.000
1709212145.399,-46.387,-38.086,-38.574,-45.898,0.000
1709212145.403,-38.086,-28.320,-34.180,-41.504,0.000
1709212145.407,-27.832,-29.297,-39.062,-47.852,0.000
1709212145.411,-30.273,-38.574,-43.457,-54.688,0.000
1709212145.415,-40.527,-29.785,-43.457,-43.945,0.000
1709212145.419,-38.086,-22.461,-39.551,-33.203,0.000
1709212145.423,-25.391,-34.668,-36.133,-26.367,0.000
1709212145.427,-33.691,-45.898,-32.715,-30.762,0.000
1709212145.431,-50.781,-41.016,-33.203,-43.945,0.000
1709212145.435,-57.617,-39.062,-37.598,-50.293,0.000
1709212145.438,-61.035,-49.805,-37.109,-41.504,0.000
1709212145.442,-48.340,-53.711,-35.156,-35.645,0.000
1709212145.446,-37.109,-43.457,-38.574,-44.434,0.000
1709212145.450,-45.898,-39.062,-42.480,-40.527,0.000
1709212145.454,-47.852,-38.086,-40.039,-34.180,0.000
1709212145.458,-36.621,-38.086,-34.668,-39.062,0.000
1709212145.462,-32.715,-42.480,-38.574,-36.133,0.000
1709212145.466,-33.203,-41.016,-42.480,-31.250,0.000
1709212145.470,-35.156,-30.273,-42.969,-35.645,0.000
1709212145.474,-42.480,-28.809,-45.898,-45.898,0.000
1709212145.478,-40.527,-42.969,-41.504,-36.133,0.000
1709212145.481,-27.344,-38.574,-37.109,-24.902,0.000
1709212145.485,-28.320,-33.691,-41.992,-29.785,0.000
1709212145.489,-35.645,-31.738,-45.410,-47.363,0.000
1709212145.493,-37.109,-22.949,-45.898,-62.012,0.000
1709212145.497,-37.109,-27.344,-48.828,-57.617,0.000
1709212145.501,0.000,-29.297,-43.457,-41.992,0.000
1709212145.505,0.000,-31.738,-38.086,-34.180,0.000
1709212145.509,0.000,-29.297,-42.480,-43.457,0.000
1709212145.513,0.000,-29.297,-50.293,-45.410,0.000
1709212145.517,0.000,-39.062,-42.969,-38.574,0.000
1709212145.520,0.000,-39.062,-34.180,-45.410,0.000
1709212145.524,0.000,-37.598,-44.922,-50.781,0.000
1709212145.528,0.000,-37.598,-48.340,-43.457,0.000
1709212145.532,0.000,-38.574,-40.527,-36.133,0.000
1709212145.536,0.000,-38.574,-47.363,-46.875,0.000
1709212145.540,0.000,-41.504,-47.852,-54.199,0.000
1709212145.544,0.000,-39.551,-39.062,-43.945,0.000
1709212145.548,-34.668,-35.645,-40.039,-40.039,0.000
1709212145.552,-42.969,-41.992,-43.457,-36.621,0.000
1709212145.556,-48.340,-43.457,-40.039,-26.855,0.000
1709212145.560,-37.598,-39.062,-33.691,-27.344,0.000
1709212145.563,-23.438,-44.434,-32.715,-31.738,0.000
1709212145.567,-27.344,-44.434,-39.551,-27.344,0.000
1709212145.571,-41.992,-29.297,-43.457,-26.367,0.000
1709212145.575,-46.387,-25.879,-45.898,-20.020,0.000
1709212145.579,-43.945,-26.367,-42.480,-20.020,0.000
1709212145.583,-38.574,-22.461,-37.598,-23.438,0.000
1709212145.587,-34.668,-33.691,-39.062,-28.809,0.000
1709212145.591,-33.203,-52.734,-54.199,-42.969,0.000
1709212145.595,-38.086,-58.594,-54.688,-44.922,0.000
1709212145.599,-42.969,-41.992,-41.504,-36.621,0.000
1709212145.602,-41.016,-28.809,-44.922,-36.133,0.000
1709212145.606,-42.969,-38.086,-45.898,-44.434,0.000
1709212145.610,-45.410,-57.129,-40.039,-43.457,0.000
1709212145.614,-48.340,-53.223,-41.992,-47.363,0.000
1709212145.618,-46.387,-37.598,-43.457,-33.203,0.000
1709212145.622,-48.340,-37.598,-42.969,-19.043,0.000
1709212145.626,-59.082,-46.387,-40.527,-34.180,0.000
1709212145.630,-60.059,-57.617,-32.715,-40.527,0.000
1709212145.634,-61.523,-48.828,-37.598,-39.062,0.000
1709212145.638,-65.430,-34.668,-45.410,-41.016,0.000
1709212145.641,-60.059,-32.715,-40.527,-30.762,0.000
1709212145.645,-49.805,-34.180,-43.457,-24.414,0.000
1709212145.649,-52.734,-42.480,-43.945,-37.109,0.000
1709212145.653,-54.199,-53.223,-41.016,-40.039,0.000
1709212145.657,-53.711,-41.992,-45.898,-41.016,0.000
1709212145.661,-49.805,-29.785,-45.410,-40.039,0.000
1709212145.665,-43.945,-48.828,-47.363,-29.297,0.000
1709212145.669,-46.875,-51.758,-43.945,-33.691,0.000
1709212145.673,-56.641,-37.598,-41.992,-43.945,0.000
1709212145.677,-56.641,-35.645,-49.316,-43.457,0.000
1709212145.680,-44.922,-34.180,-43.457,-32.715,0.000
1709212145.684,-45.410,-40.039,-37.598,-24.414,0.000
1709212145.688,-47.852,-46.875,-39.062,-26.855,0.000
1709212145.692,-44.922,-58.594,-41.016,-30.762,0.000
1709212145.696,-39.551,-58.105,-37.598,-38.574,0.000
1709212145.700,-33.691,-52.246,-35.645,-24.414,0.000
1709212145.704,-28.320,-58.105,-38.574,-5.859,0.000
1709212145.708,-24.902,-49.805,-44.434,-3.418,0.000
1709212145.712,-32.715,-40.527,-53.223,-12.695,0.000
1709212145.716,-45.898,-53.711,-47.363,-31.250,0.000
1709212145.719,-41.504,-58.594,-34.668,-31.738,0.000
1709212145.723,-32.715,-41.504,-34.668,-20.020,0.000
1709212145.727,-27.344,-38.086,-42.969,-20.508,0.000
1709212145.731,-32.715,-47.363,-37.598,-16.602,0.000
1709212145.735,-40.527,-53.223,-35.156,-14.160,0.000
1709212145.739,-35.645,-66.406,-38.086,-25.391,0.000
1709212145.743,-23.926,-62.012,-38.086,-30.762,0.000
1709212145.747,-25.879,-42.480,-42.969,-28.320,0.000
1709212145.751,-34.180,-37.109,-48.340,-38.574,0.000
1709212145.755,-35.645,-35.156,-52.246,-49.316,0.000
1709212145.759,-33.691,-32.227,-55.664,-45.898,0.000
1709212145.762,-31.738,-37.598,-51.270,-48.340,0.000
1709212145.766,-29.297,-49.316,-49.805,-54.688,0.000
1709212145.770,-33.691,-49.805,-52.734,-53.223,0.000
1709212145.774,-49.316,-39.062,-53.223,-57.129,0.000
1709212145.778,-54.688,-40.039,-52.734,-59.082,0.000
1709212145.782,-44.922,-41.992,-45.898,-46.387,0.000
1709212145.786,-53.711,-36.133,-46.387,-41.992,0.000
1709212145.790,-59.082,-25.879,-48.828,-47.363,0.000
1709212145.794,-53.223,-35.156,-48.340,-54.199,0.000
1709212145.798,-53.711,-41.504,-54.688,-56.152,0.000
1709212145.801,-50.293,-27.832,-46.875,-55.664,0.000
1709212145.805,-41.504,-19.531,-34.668,-46.387,0.000
1709212145.809,-43.945,-31.738,-44.922,-40.039,0.000
1709212145.813,-48.828,-49.805,-55.664,-41.992,0.000
1709212145.817,-44.434,-49.316,-46.387,-32.715,0.000
1709212145.821,-41.504,-30.273,-42.480,-34.668,0.000
1709212145.825,-30.762,-30.762,-45.410,-27.832,0.000
1709212145.829,0.000,-40.039,-45.898,-16.113,0.000
1709212145.833,0.000,-33.203,-43.457,-25.391,0.000
1709212145.837,0.000,-33.203,-41.992,-34.180,0.000
1709212145.841,0.000,-28.320,-45.410,-25.391,0.000
1709212145.844,0.000,-26.367,-43.457,-21.484,0.000
1709212145.848,0.000,-29.297,-54.199,-39.062,0.000
1709212145.852,0.000,-26.855,-62.500,-52.246,0.000
1709212145.856,0.000,-31.250,-52.734,-54.199,0.000
1709212145.860,0.000,-35.156,-51.758,-44.434,0.000
1709212145.864,0.000,-29.297,-50.781,-45.898,0.000
1709212145.868,0.000,-32.715,-50.781,-65.918,0.000
1709212145.872,0.000,-45.898,-56.641,-77.148,0.000
1709212145.876,-48.340,-41.016,-51.758,-67.871,0.000
1709212145.880,-42.480,-33.203,-47.852,-56.641,0.000
1709212145.883,-43.945,-37.109,-41.504,-59.082,0.000
1709212145.887,-43.945,-33.691,-26.855,-56.152,0.000
1709212145.891,-41.992,-28.320,-31.738,-59.082,0.000
1709212145.895,-47.852,-28.320,-36.621,-67.383,0.000
1709212145.899,-43.457,-29.297,-34.668,-58.105,0.000
1709212145.903,-46.875,-44.434,-37.598,-42.480,0.000
1709212145.907,-52.734,-45.410,-34.180,-37.109,0.000
1709212145.911,-42.480,-29.297,-34.180,-45.898,0.000
1709212145.915,-40.039,-29.785,-41.016,-52.734,0.000
1709212145.919,-44.922,-45.898,-45.898,-62.012,0.000
1709212145.922,-48.340,-45.898,-46.387,-62.988,0.000
1709212145.926,-38.086,-33.203,-39.551,-62.012,0.000
1709212145.930,-37.598,-37.109,-34.668,-73.242,0.000
1709212145.934,-47.363,-39.551,-34.668,-64.941,0.000
1709212145.938,-44.922,-41.016,-33.203,-41.504,0.000
1709212145.942,-31.250,-42.969,-32.227,-29.785,0.000
1709212145.946,-25.879,-40.527,-32.227,-33.691,0.000
1709212145.950,-30.762,-40.527,-36.621,-30.762,0.000
1709212145.954,-31.738,-36.133,-34.668,-29.785,0.000
1709212145.958,-34.668,-41.016,-31.738,-37.598,0.000
1709212145.962,-35.156,-41.016,-26.855,-30.273,0.000
1709212145.965,-34.180,-31.738,-30.762,-33.203,0.000
1709212145.969,-39.062,-36.133,-44.434,-50.781,0.000
1709212145.973,-40.527,-41.016,-41.016,-56.641,0.000
1709212145.977,-45.410,-47.852,-32.715,-59.570,0.000
1709212145.981,-56.152,-49.316,-35.645,-62.988,0.000
1709212145.985,-53.711,-44.922,-37.598,-61.523,0.000
1709212145.989,-57.129,-46.387,-43.457,-68.848,0.000
1709212145.993,-61.035,-43.457,-42.969,-72.266,0.000
1709212145.997,-54.688,-43.457,-32.715,-53.711,0.000
1709212146.001,-49.805,-33.203,-38.574,-49.805,0.000
1709212146.004,-51.758,-26.855,-40.039,-54.688,0.000
1709212146.008,-55.664,-37.598,-26.855,-57.617,0.000
1709212146.012,-55.176,-45.898,-24.414,-61.523,0.000
1709212146.016,-56.152,-37.109,-36.621,-66.895,0.000
1709212146.020,-54.688,-31.738,-36.133,-69.336,0.000
1709212146.024,-47.852,-36.133,-32.227,-64.453,0.000
1709212146.028,-45.410,-26.367,-36.133,-69.336,0.000
1709212146.032,-48.340,-24.902,-34.180,-67.383,0.000
1709212146.036,-49.316,-43.945,-31.250,-50.781,0.000
1709212146.040,-48.828,-43.945,-37.109,-37.109,0.000
1709212146.043,-40.527,-34.180,-45.898,-40.039,0.000
1709212146.047,-33.203,-34.668,-48.340,-67.871,0.000
1709212146.051,-35.156,-38.086,-45.898,-73.730,0.000
1709212146.055,-32.715,-39.551,-44.434,-64.453,0.000
1709212146.059,-25.391,-44.922,-51.270,-64.941,0.000
1709212146.063,-19.531,-41.504,-50.781,-55.664,0.000
1709212146.067,-25.879,-33.203,-48.828,-46.387,0.000
1709212146.071,-34.668,-28.809,-51.758,-48.340,0.000
1709212146.075,-39.062,-30.273,-43.945,-52.246,0.000
1709212146.079,-43.457,-35.156,-42.480,-52.246,0.000
1709212146.082,-41.504,-38.086,-50.293,-56.152,0.000
1709212146.086,-41.016,-39.062,-47.852,-58.105,0.000
1709212146.090,-49.805,-36.621,-44.434,-60.547,0.000
1709212146.094,-50.781,-34.180,-45.410,-70.801,0.000
1709212146.098,-45.410,-33.203,-37.109,-70.801,0.000
1709212146.102,-49.805,-42.480,-30.273,-64.453,0.000
1709212146.106,-47.852,-52.246,-31.738,-61.523,0.000
1709212146.110,-50.293,-53.223,-36.621,-61.035,0.000
1709212146.114,-66.895,-45.898,-39.551,-78.125,0.000
1709212146.118,-62.988,-41.016,-37.598,-76.172,0.000
1709212146.122,-43.457,-36.133,-38.574,-52.734,0.000
1709212146.125,-30.273,-29.785,-44.922,-39.551,0.000
1709212146.129,-34.668,-35.645,-45.410,-40.527,0.000
1709212146.133,-36.621,-40.527,-38.574,-50.781,0.000
1709212146.137,-36.133,-38.574,-35.645,-44.434,0.000
1709212146.141,-32.227,-41.504,-33.691,-25.391,0.000
1709212146.145,-26.855,-41.504,-37.109,-18.066,0.000
1709212146.149,-23.926,-43.457,-44.434,-21.484,0.000
1709212146.153,-26.367,-42.480,-43.457,-21.973,0.000
1709212146.157,-27.344,-33.203,-43.945,-19.531,0.000
1709212146.161,-22.461,-29.297,-37.598,-10.254,0.000
1709212146.165,-12.695,-35.156,-34.668,-4.395,0.000
1709212146.168,-7.812,-39.062,-31.250,-3.906,0.000
1709212146.172,-20.996,-41.992,-23.438,-3.418,0.000
1709212146.176,-26.367,-40.039,-19.043,-2.930,0.000
1709212146.180,-21.484,-36.133,-27.832,-0.977,0.000
1709212146.184,-18.555,-28.320,-31.738,-6.836,0.000
1709212146.188,-27.344,-26.855,-33.203,-13.184,0.000
1709212146.192,-37.109,-34.180,-39.062,-17.578,0.000
1709212146.196,-40.039,-35.156,-29.785,-34.180,0.000
1709212146.200,-42.480,-37.598,-27.344,-37.109,0.000
1709212146.204,0.000,-42.480,-36.621,-34.180,0.000
1709212146.207,0.000,-53.711,-41.504,-40.527,0.000
1709212146.211,0.000,-53.711,-41.016,-44.922,0.000
1709212146.215,0.000,-43.945,-32.715,-42.969,0.000
1709212146.219,0.000,-32.715,-31.738,-37.598,0.000
1709212146.223,0.000,-34.180,-40.527,-37.598,0.000
1709212146.227,0.000,-42.480,-46.387,-36.621,0.000
1709212146.231,0.000,-27.832,-45.898,-45.898,0.000
1709212146.235,0.000,-28.320,-41.992,-50.781,0.000
1709212146.239,0.000,-32.227,-41.992,-44.434,0.000
1709212146.243,0.000,-30.273,-41.016,-33.691,0.000
1709212146.247,0.000,-42.969,-39.062,-29.785,0.000
1709212146.250,-21.484,-48.828,-37.598,-31.250,0.000
1709212146.254,-27.344,-47.363,-40.527,-29.297,0.000
1709212146.258,-34.180,-45.898,-47.852,-26.855,0.000
1709212146.262,-28.320,-39.062,-40.039,-17.578,0.000
1709212146.266,-26.855,-34.180,-34.180,-12.695,0.000
1709212146.270,-28.809,-48.340,-37.109,-21.973,0.000
1709212146.274,-32.715,-43.457,-36.133,-37.598,0.000
1709212146.278,-32.715,-40.527,-40.527,-34.180,0.000
1709212146.282,-35.645,-54.199,-45.410,-27.832,0.000
1709212146.286,-43.945,-48.828,-42.969,-45.898,0.000
1709212146.289,-38.574,-31.738,-42.480,-51.270,0.000
1709212146.293,-41.016,-39.551,-42.969,-45.898,0.000
1709212146.297,-52.734,-47.852,-39.062,-45.410,0.000
1709212146.301,-50.781,-31.250,-33.203,-36.621,0.000
1709212146.305,-50.293,-39.551,-41.504,-41.504,0.000
1709212146.309,-63.477,-53.711,-49.805,-55.176,0.000
1709212146.313,-73.730,-45.410,-49.805,-57.129,0.000
1709212146.317,-72.754,-37.109,-48.340,-52.246,0.000
1709212146.321,-59.082,-53.223,-46.387,-46.875,0.000
1709212146.325,-47.852,-53.711,-42.480,-30.762,0.000
1709212146.329,-53.223,-38.574,-49.316,-37.109,0.000
1709212146.332,-55.176,-45.898,-51.758,-48.828,0.000
1709212146.336,-54.688,-44.434,-47.852,-43.945,0.000
1709212146.340,-49.805,-41.504,-41.504,-39.062,0.000
1709212146.344,-39.062,-44.922,-32.227,-40.039,0.000
1709212146.348,-42.480,-34.180,-40.039,-48.828,0.000
1709212146.352,-56.152,-26.855,-45.898,-51.758,0.000
1709212146.356,-58.105,-23.438,-40.527,-48.340,0.000
1709212146.360,-42.480,-30.273,-36.133,-33.691,0.000
1709212146.364,-33.691,-42.969,-34.180,-18.555,0.000
1709212146.368,-40.527,-37.109,-44.922,-19.531,0.000
1709212146.371,-50.781,-29.297,-42.969,-20.996,0.000
1709212146.375,-58.105,-32.715,-35.645,-27.344,0.000
1709212146.379,-54.199,-37.598,-43.457,-36.133,0.000
1709212146.383,-41.504,-35.156,-40.039,-46.387,0.000
1709212146.387,-40.039,-31.250,-33.691,-52.734,0.000
1709212146.391,-52.246,-44.434,-35.645,-55.664,0.000
1709212146.395,-55.176,-54.199,-35.645,-54.199,0.000
1709212146.399,-48.828,-49.316,-41.992,-39.062,0.000
1709212146.403,-45.410,-31.250,-44.922,-32.715,0.000
1709212146.406,-56.152,-30.273,-37.598,-37.109,0.000
1709212146.410,-70.312,-39.551,-37.598,-40.039,0.000
1709212146.414,-67.383,-44.922,-42.969,-47.852,0.000
1709212146.418,-59.082,-34.668,-45.898,-53.223,0.000
1709212146.422,-53.223,-30.762,-47.363,-60.547,0.000
1709212146.426,-47.363,-44.434,-42.969,-61.035,0.000
1709212146.430,-45.410,-47.363,-43.457,-65.430,0.000
1709212146.434,-55.176,-37.598,-43.457,-71.289,0.000
1709212146.438,-54.688,-31.250,-36.621,-59.082,0.000
1709212146.442,-45.410,-36.621,-34.668,-47.852,0.000
1709212146.445,-49.805,-47.852,-41.504,-47.852,0.000
1709212146.449,-50.293,-45.410,-46.875,-51.758,0.000
1709212146.453,-36.621,-35.156,-42.480,-51.270,0.000
1709212146.457,-25.879,-32.227,-37.598,-40.039,0.000
1709212146.461,-28.320,-38.086,-45.410,-34.668,0.000
1709212146.465,-25.391,-30.273,-43.457,-41.992,0.000
1709212146.469,-26.855,-21.484,-34.180,-47.363,0.000
1709212146.473,-33.203,-37.109,-36.133,-52.734,0.000
1709212146.477,-31.738,-40.527,-35.156,-47.852,0.000
1709212146.481,-33.691,-35.645,-39.062,-34.668,0.000
1709212146.485,-28.809,-32.227,-53.223,-31.738,0.000
1709212146.488,-28.809,-17.578,-41.992,-35.645,0.000
1709212146.492,-36.133,-19.531,-33.691,-43.945,0.000
1709212146.496,-35.645,-27.832,-41.504,-41.504,0.000
1709212146.500,-27.344,-29.785,-41.504,-29.297,0.000
1709212146.504,-24.414,-30.762,-36.133,-20.508,0.000
1709212146.508,-31.738,-30.273,-43.457,-25.391,0.000
1709212146.512,-26.367,-27.832,-41.992,-35.156,0.000
1709212146.516,-15.137,-31.250,-27.344,-33.691,0.000
1709212146.520,-23.926,-38.574,-32.715,-18.066,0.000
1709212146.524,-42.480,-35.645,-36.621,-26.855,0.000
1709212146.528,-44.434,-28.809,-38.086,-50.293,0.000
1709212146.531,-43.457,-37.109,-42.480,-52.246,0.000
1709212146.535,-48.340,-50.781,-40.527,-50.293,0.000
1709212146.539,-46.875,-47.363,-40.527,-61.035,0.000
1709212146.543,-42.969,-24.902,-47.363,-56.152,0.000
1709212146.547,-46.387,-28.809,-59.082,-43.457,0.000
1709212146.551,-53.711,-47.363,-45.410,-48.340,0.000
1709212146.555,-57.129,-38.086,-34.180,-62.500,0.000
1709212146.559,-52.734,-40.527,-40.527,-66.406,0.000
1709212146.563,-50.293,-40.527,-42.480,-54.688,0.000
1709212146.567,-47.363,-30.762,-42.969,-38.086,0.000
1709212146.571,-50.781,-46.387,-49.805,-44.922,0.000
1709212146.574,-62.500,-55.664,-51.758,-54.688,0.000
1709212146.578,-60.547,-41.504,-47.363,-61.523,0.000
1709212146.582,-53.711,-31.250,-46.875,-59.570,0.000
1709212146.586,-45.410,-46.875,-49.805,-55.176,0.000
1709212146.590,-41.016,-51.758,-40.039,-53.711,0.000
1709212146.594,-44.922,-42.480,-37.598,-52.734,0.000
1709212146.598,-46.875,-45.898,-37.598,-49.805,0.000
1709212146.602,-51.758,-45.410,-35.156,-44.434,0.000
1709212146.606,-53.711,-40.039,-38.086,-55.664,0.000
1709212146.610,-57.617,-35.156,-40.039,-54.688,0.000
1709212146.613,-56.641,-35.156,-44.434,-54.199,0.000
1709212146.617,-47.363,-41.504,-45.898,-55.176,0.000
1709212146.621,-43.457,-42.480,-37.109,-48.828,0.000
1709212146.625,-43.457,-35.156,-34.668,-52.246,0.000
1709212146.629,-37.598,-36.621,-38.086,-58.105,0.000
1709212146.633,-41.992,-41.016,-34.180,-48.340,0.000
1709212146.637,-54.688,-41.504,-33.203,-44.434,0.000
1709212146.641,-53.711,-40.039,-33.691,-47.852,0.000
1709212146.645,-47.852,-43.945,-33.203,-40.527,0.000
1709212146.649,-41.016,-46.875,-35.645,-50.293,0.000
1709212146.653,-41.016,-40.039,-37.598,-53.711,0.000
1709212146.656,-43.457,-39.551,-41.016,-52.734,0.000
1709212146.660,-46.387,-36.133,-47.363,-65.918,0.000
1709212146.664,-41.992,-40.527,-44.922,-58.105,0.000
1709212146.668,-41.016,-49.805,-42.969,-56.641,0.000
1709212146.672,-48.340,-39.551,-42.480,-61.035,0.000
1709212146.676,-44.434,-30.273,-42.480,-50.293,0.000
1709212146.680,-36.133,-30.273,-45.410,-40.039,0.000
1709212146.684,-29.785,-29.785,-42.480,-31.738,0.000
1709212146.688,-37.598,-25.391,-41.504,-39.551,0.000
1709212146.692,-41.992,-31.250,-43.945,-43.457,0.000
1709212146.695,-34.668,-32.227,-41.504,-34.180,0.000
1709212146.699,-34.180,-34.180,-41.016,-25.391,0.000
1709212146.703,-37.109,-45.410,-53.223,-25.879,0.000
1709212146.707,-31.738,-47.852,-49.805,-32.227,0.000
1709212146.711,-34.180,-42.969,-35.156,-33.203,0.000
1709212146.715,-46.875,-44.922,-37.598,-37.109,0.000
1709212146.719,-52.734,-37.109,-41.504,-45.898,0.000
1709212146.723,-46.387,-29.297,-38.574,-51.270,0.000
1709212146.727,-41.504,-41.504,-41.992,-56.152,0.000
1709212146.731,-42.480,-44.922,-53.223,-62.012,0.000
1709212146.734,-52.734,-37.598,-49.316,-58.594,0.000
1709212146.738,-59.082,-52.246,-50.293,-63.477,0.000
1709212146.742,-50.781,-54.199,-53.711,-61.035,0.000
1709212146.746,-45.898,-31.250,-44.434,-46.875,0.000
1709212146.750,-51.758,-24.902,-42.969,-56.641,0.000
1709212146.754,-56.152,-39.551,-55.176,-71.289,0.000
1709212146.758,-53.223,-38.086,-54.199,-65.430,0.000
1709212146.762,-46.875,-32.227,-47.852,-53.711,0.000
1709212146.766,-38.086,-37.109,-52.734,-53.223,0.000
1709212146.770,-29.297,-34.668,-48.828,-55.176,0.000
1709212146.773,-31.250,-36.133,-46.387,-59.570,0.000
1709212146.777,-36.621,-41.992,-47.363,-65.918,0.000
1709212146.781,-34.180,-43.945,-44.922,-49.805,0.000
1709212146.785,-26.855,-41.504,-46.387,-33.203,0.000
1709212146.789,-30.273,-36.621,-53.223,-21.973,0.000
1709212146.793,-41.504,-30.762,-53.223,-30.273,0.000
1709212146.797,-44.434,-25.391,-42.969,-55.176,0.000
1709212146.801,-38.086,-19.531,-35.156,-50.781,0.000
1709212146.805,-39.551,-23.438,-35.156,-33.203,0.000
1709212146.809,-42.969,-26.855,-33.203,-26.367,0.000
1709212146.812,-43.457,-35.156,-31.250,-36.133,0.000
1709212146.816,-53.223,-45.410,-36.133,-47.852,0.000
1709212146.820,-52.734,-30.762,-40.039,-51.270,0.000
1709212146.824,-46.387,-19.043,-47.363,-46.387,0.000
1709212146.828,-43.457,-24.414,-44.922,-45.410,0.000
1709212146.832,-44.434,-35.156,-40.039,-56.641,0.000
1709212146.836,-49.805,-35.156,-42.969,-46.387,0.000
1709212146.840,-51.270,-25.391,-42.480,-45.410,0.000
1709212146.844,-50.293,-28.809,-38.574,-49.316,0.000
1709212146.848,-50.781,-33.691,-35.645,-41.016,0.000
1709212146.851,-49.805,-33.691,-31.738,-41.016,0.000
1709212146.855,-52.734,-32.715,-34.180,-46.875,0.000
1709212146.859,-47.363,-23.926,-42.480,-42.969,0.000
1709212146.863,-37.109,-31.250,-43.457,-32.227,0.000
1709212146.867,-33.691,-32.715,-39.551,-34.180,0.000
1709212146.871,-41.504,-34.668,-44.922,-50.293,0.000
1709212146.875,-48.340,-45.898,-51.270,-44.434,0.000
1709212146.879,-41.992,-44.434,-48.340,-35.645,0.000
1709212146.883,-29.785,-34.668,-43.457,-39.062,0.000
1709212146.887,-27.344,-27.832,-45.898,-41.504,0.000
1709212146.891,-32.715,-29.785,-46.875,-44.434,0.000
1709212146.895,-27.832,-41.504,-34.180,-31.738,0.000
1709212146.898,-32.227,-42.969,-34.668,-32.715,0.000
1709212146.902,-33.691,-36.621,-44.922,-37.598,0.000
1709212146.906,-27.344,-40.039,-38.086,-33.203,0.000
1709212146.910,-33.691,-44.434,-30.762,-26.367,0.000
1709212146.914,-41.504,-33.203,-37.598,-29.785,0.000
1709212146.918,-40.039,-28.809,-41.016,-30.762,0.000
1709212146.922,-32.715,-34.668,-41.992,-25.879,0.000
1709212146.926,-31.250,-33.203,-38.086,-24.902,0.000
1709212146.930,-41.504,-29.785,-36.621,-42.969,0.000
1709212146.934,-41.992,-30.273,-39.062,-59.570,0.000
1709212146.937,-35.156,-33.691,-38.086,-53.711,0.000
1709212146.941,-38.086,-28.809,-40.527,-47.852,0.000
1709212146.945,-35.156,-29.297,-41.016,-58.105,0.000
1709212146.949,-34.668,-44.922,-41.504,-56.641,0.000
1709212146.953,-36.621,-44.922,-39.551,-39.551,0.000
1709212146.957,-35.645,-44.434,-33.691,-33.691,0.000
1709212146.961,-27.832,-42.969,-36.133,-25.391,0.000
1709212146.965,-17.578,-33.203,-38.086,-21.484,0.000
1709212146.969,-20.020,-35.156,-38.086,-26.367,0.000
1709212146.973,-33.691,-39.551,-41.992,-34.180,0.000
1709212146.977,-35.156,-33.203,-38.574,-43.457,0.000
1709212146.980,-20.508,-41.992,-32.715,-30.762,0.000
1709212146.984,-13.184,-50.781,-30.762,-17.578,0.000
1709212146.988,-17.578,-25.879,-36.133,-20.996,0.000
1709212146.992,-26.855,-20.508,-40.039,-38.574,0.000
1709212146.996,-37.109,-36.133,-48.828,-52.246,0.000
1709212147.000,-38.574,-46.875,-51.758,-37.598,0.000
1709212147.004,-29.785,-47.852,-37.598,-26.367,0.000
1709212147.008,-30.273,-44.922,-34.668,-39.062,0.000
1709212147.012,-39.551,-38.086,-41.016,-66.406,0.000
1709212147.016,-41.016,-37.598,-40.039,-70.312,0.000
1709212147.019,-30.762,-38.574,-38.574,-58.105,0.000
1709212147.023,-30.762,-40.039,-35.645,-55.176,0.000
1709212147.027,-33.691,-43.457,-30.762,-46.875,0.000
1709212147.031,-39.062,-38.086,-33.691,-31.250,0.000
1709212147.035,-48.340,-33.691,-34.668,-28.320,0.000
1709212147.039,-41.016,-38.086,-36.133,-22.461,0.000
1709212147.043,-36.621,-43.457,-40.039,-20.996,0.000
1709212147.047,-33.691,-36.621,-38.086,-24.902,0.000
1709212147.051,-26.367,-35.645,-31.738,-29.297,0.000
1709212147.055,-36.621,-54.199,-31.250,-26.367,0.000
1709212147.059,-37.109,-45.898,-35.645,-20.508,0.000
1709212147.062,-23.438,-25.391,-32.227,-26.855,0.000
1709212147.066,-22.461,-22.461,-26.855,-28.320,0.000
1709212147.070,-30.273,-29.785,-23.926,-24.902,0.000
1709212147.074,-34.180,-44.922,-34.180,-29.785,0.000
1709212147.078,-37.598,-39.062,-35.645,-37.598,0.000
1709212147.082,-46.875,-41.016,-30.273,-41.992,0.000
1709212147.086,-39.551,-40.527,-32.227,-28.809,0.000
1709212147.090,-38.574,-30.762,-30.273,-30.273,0.000
1709212147.094,-47.363,-40.039,-32.715,-39.551,0.000
1709212147.098,-45.410,-46.875,-32.715,-40.527,0.000
1709212147.101,-46.387,-39.062,-32.715,-49.805,0.000
1709212147.105,-42.480,-30.762,-36.133,-49.316,0.000
1709212147.109,-36.621,-37.109,-35.156,-52.734,0.000
1709212147.113,-45.898,-38.574,-38.086,-64.941,0.000
1709212147.117,-48.828,-27.344,-42.969,-51.758,0.000
1709212147.121,-34.668,-24.902,-38.574,-23.438,0.000
1709212147.125,-31.250,-31.738,-41.016,-28.809,0.000
1709212147.129,-29.297,-40.039,-48.340,-48.828,0.000
1709212147.133,-38.086,-37.598,-42.480,-52.734,0.000
1709212147.137,-48.340,-26.367,-43.945,-45.410,0.000
1709212147.140,-46.875,-31.250,-48.340,-41.992,0.000
1709212147.144,-47.363,-35.645,-41.992,-48.340,0.000
1709212147.148,-53.223,-39.062,-47.363,-53.223,0.000
1709212147.152,-63.477,-41.504,-53.711,-54.688,0.000
1709212147.156,-65.918,-31.738,-45.410,-60.547,0.000
1709212147.160,-56.152,-31.738,-41.992,-58.105,0.000
1709212147.164,-46.387,-43.945,-43.457,-40.527,0.000
1709212147.168,-39.062,-38.086,-44.434,-42.969,0.000
1709212147.172,-41.016,-33.203,-46.875,-56.641,0.000
1709212147.176,-47.852,-38.086,-46.875,-49.316,0.000
1709212147.179,-48.828,-35.156,-41.504,-37.109,0.000
1709212147.183,-37.598,-31.738,-39.062,-42.480,0.000
1709212147.187,-25.391,-36.133,-40.527,-51.270,0.000
1709212147.191,-36.133,-41.504,-38.574,-48.340,0.000
1709212147.195,-48.828,-39.062,-41.992,-54.688,0.000
1709212147.199,-48.340,-41.016,-46.875,-51.758,0.000
1709212147.203,-40.039,-32.715,-47.363,-37.598,0.000
1709212147.207,-41.992,-32.715,-47.363,-31.250,0.000
1709212147.211,-45.410,-39.062,-44.434,-39.551,0.000
1709212147.215,-39.551,-36.133,-55.176,-50.781,0.000
1709212147.218,-32.715,-37.109,-49.805,-43.945,0.000
1709212147.222,-30.762,-34.180,-42.969,-31.250,0.000
1709212147.226,-30.762,-31.250,-51.758,-35.645,0.000
1709212147.230,-34.668,-43.457,-46.875,-44.434,0.000
1709212147.234,-42.480,-50.781,-39.062,-45.410,0.000
1709212147.238,-41.504,-41.992,-44.434,-45.410,0.000
1709212147.242,-37.109,-43.457,-45.410,-52.246,0.000
1709212147.246,-36.621,-44.922,-41.504,-61.035,0.000
1709212147.250,-36.621,-42.480,-38.574,-61.523,0.000
1709212147.254,-46.387,-35.645,-35.645,-57.129,0.000
1709212147.258,-52.246,-36.133,-37.598,-57.617,0.000
1709212147.261,-44.434,-40.039,-40.039,-52.734,0.000
1709212147.265,-34.668,-37.109,-41.016,-43.945,0.000
1709212147.269,-38.574,-46.387,-41.504,-40.527,0.000
1709212147.273,-41.992,-40.039,-39.062,-53.223,0.000
1709212147.277,-41.992,-41.016,-33.691,-61.035,0.000
1709212147.281,-42.480,-45.898,-32.227,-49.316,0.000
1709212147.285,-39.551,-41.992,-41.016,-42.969,0.000
1709212147.289,-51.270,-39.062,-50.293,-48.828,0.000
1709212147.293,-55.176,-42.480,-46.387,-59.570,0.000
1709212147.297,-62.500,-51.758,-45.898,-64.453,0.000
1709212147.301,-60.059,-42.969,-47.363,-50.293,0.000
1709212147.304,-48.340,-40.039,-45.410,-42.969,0.000
1709212147.308,-49.316,-41.992,-38.086,-52.246,0.000
1709212147.312,-51.758,-41.016,-40.527,-51.758,0.000
1709212147.316,-46.387,-50.293,-45.410,-43.457,0.000
1709212147.320,-42.969,-50.781,-33.691,-42.969,0.000
1709212147.324,-51.270,-40.039,-35.156,-42.969,0.000
1709212147.328,-48.828,-45.410,-41.016,-41.992,0.000
1709212147.332,-40.527,-44.922,-41.504,-56.152,0.000
1709212147.336,-44.434,-39.551,-42.480,-61.523,0.000
1709212147.340,-43.945,-49.316,-42.480,-45.410,0.000
1709212147.343,-29.297,-38.574,-39.551,-33.691,0.000
1709212147.347,-27.832,-28.809,-33.691,-36.621,0.000
1709212147.351,-35.156,-36.621,-36.621,-38.574,0.000
1709212147.355,-44.922,-35.645,-40.527,-33.691,0.000
1709212147.359,-45.410,-34.668,-37.598,-24.414,0.000
1709212147.363,-38.086,-26.855,-40.527,-36.133,0.000
1709212147.367,-38.086,-29.297,-39.551,-46.387,0.000
1709212147.371,-44.434,-35.645,-41.992,-44.434,0.000
1709212147.375,-53.711,-26.367,-47.852,-46.387,0.000
1709212147.379,-47.852,-32.227,-46.875,-45.898,0.000
1709212147.383,-32.715,-38.086,-37.598,-37.109,0.000
1709212147.386,-30.762,-29.785,-34.180,-37.109,0.000
1709212147.390,-41.016,-28.809,-42.969,-44.922,0.000
1709212147.394,-48.828,-35.645,-46.387,-56.152,0.000
1709212147.398,-48.828,-35.645,-42.969,-62.012,0.000
1709212147.402,-41.504,-33.203,-37.109,-48.828,0.000
1709212147.406,-37.598,-37.598,-37.598,-32.715,0.000
1709212147.410,-44.434,-35.156,-44.922,-48.828,0.000
1709212147.414,-47.852,-40.039,-41.016,-62.500,0.000
1709212147.418,-47.852,-53.223,-40.527,-69.824,0.000
1709212147.422,-50.293,-50.781,-49.316,-70.312,0.000
1709212147.425,-36.621,-32.715,-41.504,-59.570,0.000
1709212147.429,-36.133,-35.156,-42.969,-55.664,0.000
1709212147.433,-53.223,-50.781,-53.711,-56.641,0.000
1709212147.437,-48.828,-40.039,-48.340,-51.758,0.000
1709212147.441,-45.898,-34.668,-50.293,-45.898,0.000
1709212147.445,-39.062,-36.133,-47.852,-38.086,0.000
1709212147.449,-28.320,-34.180,-47.363,-25.391,0.000
1709212147.453,-36.621,-41.992,-51.270,-30.762,0.000
1709212147.457,-52.246,-48.828,-39.062,-43.457,0.000
1709212147.461,-53.711,-33.203,-37.109,-35.645,0.000
1709212147.465,-37.598,-33.203,-40.527,-28.809,0.000
1709212147.468,-41.016,-44.434,-43.457,-38.574,0.000
1709212147.472,-48.340,-45.898,-43.945,-45.898,0.000
1709212147.476,-45.410,-46.875,-40.039,-42.969,0.000
1709212147.480,-36.621,-38.574,-34.668,-26.367,0.000
1709212147.484,-28.809,-29.785,-40.527,-18.555,0.000
1709212147.488,-21.973,-26.367,-41.992,-27.344,0.000
1709212147.492,-24.414,-32.227,-39.062,-29.785,0.000
1709212147.496,-29.297,-41.504,-36.621,-20.996,0.000
1709212147.500,-26.855,-36.133,-32.227,-31.250,0.000
1709212147.504,-27.832,-23.926,-37.109,-42.480,0.000
1709212147.507,-28.320,-35.645,-44.922,-43.457,0.000
1709212147.511,-37.109,-36.133,-44.434,-44.434,0.000
1709212147.515,-55.664,-28.809,-44.434,-44.922,0.000
1709212147.519,-58.105,-37.598,-40.527,-51.758,0.000
1709212147.523,-38.574,-32.227,-33.203,-49.805,0.000
1709212147.527,-39.062,-34.668,-39.062,-44.922,0.000
1709212147.531,-51.758,-44.922,-41.504,-48.828,0.000
1709212147.535,-54.199,-41.504,-34.668,-53.711,0.000
1709212147.539,-59.570,-42.969,-37.109,-39.551,0.000
1709212147.543,-58.105,-42.480,-37.109,-31.250,0.000
1709212147.546,-50.781,-39.551,-33.203,-35.156,0.000
1709212147.550,-54.199,-37.109,-29.297,-36.621,0.000
1709212147.554,-55.176,-32.227,-25.391,-47.852,0.000
1709212147.558,-46.875,-32.227,-38.086,-44.922,0.000
1709212147.562,-37.109,-32.227,-49.805,-37.598,0.000
1709212147.566,-29.785,-35.645,-42.480,-36.621,0.000
1709212147.570,-35.156,-43.457,-33.691,-33.691,0.000
1709212147.574,-42.480,-44.434,-35.645,-34.180,0.000
1709212147.578,-33.691,-41.016,-39.062,-32.227,0.000
1709212147.582,-28.809,-43.945,-42.480,-36.133,0.000
1709212147.586,-23.926,-38.574,-38.574,-36.621,0.000
1709212147.590,-27.344,-33.203,-38.574,-36.133,0.000
1709212147.593,-41.992,-40.527,-41.016,-39.062,0.000
1709212147.597,-43.945,-36.621,-41.504,-36.133,0.000
1709212147.601,-37.598,-32.227,-39.551,-33.691,0.000
1709212147.605,-25.879,-34.668,-40.039,-38.574,0.000
1709212147.609,-26.367,-41.504,-44.922,-45.898,0.000
1709212147.613,-29.785,-53.223,-38.574,-45.410,0.000
1709212147.617,-30.762,-48.828,-36.133,-42.969,0.000
1709212147.621,-29.785,-36.621,-43.457,-43.945,0.000
1709212147.625,-29.785,-35.156,-41.016,-47.852,0.000
1709212147.629,-41.016,-41.992,-40.039,-57.617,0.000
1709212147.633,-49.316,-46.387,-43.945,-65.918,0.000
1709212147.636,-52.246,-34.668,-43.945,-69.336,0.000
1709212147.640,-55.664,-28.809,-42.969,-63.965,0.000
1709212147.644,-50.781,-42.480,-39.551,-46.387,0.000
1709212147.648,-46.875,-44.434,-44.434,-49.316,0.000
1709212147.652,-44.922,-39.062,-45.410,-59.570,0.000
1709212147.656,-49.316,-46.875,-36.621,-55.664,0.000
1709212147.660,-49.805,-54.199,-38.574,-52.734,0.000
1709212147.664,-43.945,-44.922,-39.062,-49.805,0.000
1709212147.668,-44.922,-36.133,-34.668,-47.852,0.000
1709212147.672,-49.316,-32.715,-40.527,-53.223,0.000
1709212147.676,-43.945,-34.668,-46.875,-48.828,0.000
1709212147.679,-33.691,-35.156,-43.457,-40.039,0.000
1709212147.683,-31.738,-34.668,-35.645,-40.039,0.000
1709212147.687,-36.133,-37.109,-36.621,-41.504,0.000
1709212147.691,-38.574,-42.480,-36.621,-43.457,0.000
1709212147.695,-39.551,-47.852,-40.527,-43.457,0.000
1709212147.699,-41.992,-53.223,-41.992,-48.828,0.000
1709212147.703,-28.320,-54.199,-35.156,-42.969,0.000
1709212147.707,-24.414,-50.781,-31.738,-41.016,0.000
1709212147.711,-27.832,-55.664,-32.227,-44.922,0.000
1709212147.715,-32.227,-50.293,-33.691,-43.457,0.000
1709212147.718,-37.109,-39.551,-35.645,-40.527,0.000
1709212147.722,-28.320,-36.133,-40.039,-49.805,0.000
1709212147.726,-24.902,-34.668,-33.691,-57.617,0.000
1709212147.730,-35.156,-39.062,-30.273,-49.805,0.000
1709212147.734,-43.457,-39.551,-33.691,-32.715,0.000
1709212147.738,-38.086,-38.574,-35.645,-33.691,0.000
1709212147.742,-32.715,-47.363,-40.039,-37.109,0.000
1709212147.746,-27.344,-47.852,-42.969,-34.668,0.000
1709212147.750,-27.832,-35.156,-39.062,-32.715,0.000
1709212147.754,-36.621,-38.574,-38.086,-34.180,0.000
1709212147.758,-42.480,-43.945,-29.785,-29.785,0.000
1709212147.761,-40.039,-44.434,-31.250,-18.066,0.000
1709212147.765,-36.621,-42.480,-38.574,-26.367,0.000
1709212147.769,-37.109,-36.133,-38.574,-42.480,0.000
1709212147.773,-47.363,-41.504,-41.016,-53.711,0.000
1709212147.777,-55.664,-48.828,-45.410,-47.852,0.000
1709212147.781,-53.223,-45.410,-41.504,-24.414,0.000
1709212147.785,-44.922,-45.898,-34.668,-28.320,0.000
1709212147.789,-51.270,-49.805,-35.645,-36.133,0.000
1709212147.793,-58.594,-47.363,-42.480,-30.762,0.000
1709212147.797,-48.340,-37.109,-42.480,-35.156,0.000
1709212147.800,-49.316,-35.645,-44.922,-36.133,0.000
1709212147.804,-44.922,-43.457,-47.363,-34.180,0.000
1709212147.808,-31.738,-44.434,-42.480,-31.250,0.000
1709212147.812,-55.664,-41.016,-45.898,-37.598,0.000
1709212147.816,-70.801,-48.828,-44.434,-44.922,0.000
1709212147.820,-61.035,-59.082,-37.598,-40.039,0.000
1709212147.824,-49.316,-48.340,-38.574,-29.785,0.000
1709212147.828,-54.688,-28.320,-45.898,-38.086,0.000
1709212147.832,-65.918,-34.668,-47.852,-44.434,0.000
1709212147.836,-65.918,-48.828,-45.898,-42.969,0.000
1709212147.840,-62.500,-41.504,-46.875,-38.086,0.000
1709212147.843,-55.176,-33.203,-45.898,-35.645,0.000
1709212147.847,-45.410,-34.668,-47.363,-36.621,0.000
1709212147.851,-52.734,-39.551,-45.898,-37.598,0.000
1709212147.855,-55.664,-40.527,-39.551,-34.668,0.000
1709212147.859,-53.711,-39.062,-34.668,-27.344,0.000
1709212147.863,-52.734,-43.945,-37.109,-26.367,0.000
1709212147.867,-49.805,-49.805,-40.039,-35.156,0.000
1709212147.871,-54.199,-42.480,-40.527,-36.133,0.000
1709212147.875,-60.547,-33.691,-47.363,-43.457,0.000
1709212147.879,-54.199,-45.410,-43.457,-45.898,0.000
1709212147.882,-48.828,-49.316,-35.645,-37.598,0.000
1709212147.886,-46.387,-35.645,-31.250,-34.180,0.000
1709212147.890,-47.363,-32.227,-40.039,-37.109,0.000
1709212147.894,-55.176,-33.691,-42.480,-41.504,0.000
1709212147.898,-63.965,-40.039,-38.574,-42.969,0.000
1709212147.902,-55.664,-47.852,-38.574,-33.691,0.000
1709212147.906,-36.133,-52.734,-36.621,-33.691,0.000
1709212147.910,-34.668,-50.781,-36.133,-41.992,0.000
1709212147.914,-47.363,-46.875,-31.738,-40.039,0.000
1709212147.918,-61.035,-39.551,-36.133,-47.363,0.000
1709212147.921,-56.641,-38.086,-43.457,-50.293,0.000
1709212147.925,-46.875,-47.363,-36.621,-41.016,0.000
1709212147.929,-47.852,-47.852,-37.109,-44.434,0.000
1709212147.933,-52.246,-49.805,-41.992,-53.223,0.000
1709212147.937,-52.734,-48.340,-43.457,-51.270,0.000
1709212147.941,-45.410,-40.527,-39.551,-40.527,0.000
1709212147.945,-43.945,-44.922,-36.133,-35.645,0.000
1709212147.949,-41.016,-37.109,-32.715,-35.645,0.000
1709212147.953,-44.434,-33.203,-29.785,-40.039,0.000
1709212147.957,-49.316,-40.039,-34.668,-38.574,0.000
1709212147.960,-43.457,-45.410,-40.527,-32.715,0.000
1709212147.964,-37.598,-40.527,-38.086,-29.297,0.000
1709212147.968,-32.715,-31.738,-29.785,-24.414,0.000
1709212147.972,-37.598,-39.551,-28.320,-20.020,0.000
1709212147.976,-51.270,-44.922,-32.227,-27.832,0.000
1709212147.980,-41.504,-34.180,-29.785,-28.809,0.000
1709212147.984,-26.855,-36.621,-30.762,-24.414,0.000
1709212147.988,-25.391,-50.293,-38.574,-32.227,0.000
1709212147.992,-30.762,-45.410,-37.109,-35.645,0.000
1709212147.996,-35.645,-27.344,-34.668,-36.133,0.000
1709212148.000,-37.109,-25.879,-36.621,-34.180,0.000
1709212148.003,-31.250,-34.668,-40.039,-28.320,0.000
1709212148.007,-34.180,-40.039,-37.109,-36.621,0.000
1709212148.011,-41.016,-40.527,-31.738,-48.340,0.000
1709212148.015,-45.898,-45.410,-36.133,-47.363,0.000
1709212148.019,-53.711,-47.852,-44.434,-35.645,0.000
1709212148.023,-48.340,-34.668,-40.527,-35.645,0.000
1709212148.027,-36.133,-28.320,-37.598,-35.645,0.000
1709212148.031,-41.992,-41.504,-41.016,-47.852,0.000
1709212148.035,-49.316,-41.504,-38.574,-56.152,0.000
1709212148.039,-46.875,-31.738,-40.039,-45.410,0.000
1709212148.043,-40.527,-35.156,-47.852,-48.828,0.000
1709212148.046,-37.598,-36.621,-39.062,-58.594,0.000
1709212148.050,-44.922,-42.480,-35.645,-66.895,0.000
1709212148.054,-59.082,-41.504,-43.457,-64.941,0.000
1709212148.058,-61.035,-32.227,-40.039,-56.641,0.000
1709212148.062,-44.922,-43.945,-36.621,-46.387,0.000
1709212148.066,-40.039,-52.246,-34.180,-39.551,0.000
1709212148.070,-41.016,-46.875,-32.715,-44.434,0.000
1709212148.074,-34.668,-50.293,-39.551,-41.504,0.000
1709212148.078,-28.320,-38.086,-37.109,-34.180,0.000
1709212148.082,-16.602,-30.273,-35.156,-33.203,0.000
1709212148.085,-20.020,-36.133,-41.016,-32.715,0.000
1709212148.089,-34.180,-39.062,-36.133,-39.062,0.000
1709212148.093,-29.785,-43.457,-34.668,-35.645,0.000
1709212148.097,-27.344,-41.016,-36.621,-23.438,0.000
1709212148.101,-33.203,-44.922,-32.227,-18.555,0.000
1709212148.105,-31.738,-45.410,-39.062,-19.043,0.000
1709212148.109,-36.133,-45.410,-47.363,-20.508,0.000
1709212148.113,-41.016,-41.992,-39.551,-32.227,0.000
1709212148.117,-50.293,-31.250,-42.480,-46.875,0.000
1709212148.121,-58.594,-31.250,-43.457,-39.062,0.000
1709212148.125,-50.781,-41.504,-44.922,-38.086,0.000
1709212148.128,-50.293,-49.805,-42.480,-39.551,0.000
1709212148.132,-55.176,-43.945,-31.250,-34.180,0.000
1709212148.136,-46.875,-41.016,-31.250,-27.344,0.000
1709212148.140,-39.062,-41.504,-32.715,-23.926,0.000
1709212148.144,-41.504,-38.086,-35.156,-28.320,0.000
1709212148.148,-40.527,-42.969,-45.410,-35.156,0.000
1709212148.152,-45.898,-50.293,-41.016,-36.133,0.000
1709212148.156,-54.199,-40.039,-34.668,-34.668,0.000
1709212148.160,-47.852,-23.438,-41.992,-45.410,0.000
1709212148.164,-36.621,-23.926,-42.480,-42.480,0.000
1709212148.167,-32.227,-32.715,-37.598,-30.273,0.000
1709212184.729,-34.180,-33.203,-36.621,-30.273,0.000
1709212184.732,-26.855,-27.832,-20.508,-29.297,0.000
1709212184.736,-28.320,-29.785,-28.320,-41.016,0.000
1709212184.740,-37.598,-33.691,-38.574,-50.293,0.000
1709212184.744,-39.551,-45.410,-38.086,-48.340,0.000
1709212184.748,-27.832,-47.852,-42.969,-43.457,0.000
1709212184.752,-26.367,-36.621,-43.457,-45.410,0.000
1709212184.756,-34.668,-32.715,-41.016,-45.898,0.000
1709212184.760,-39.551,-39.062,-43.457,-51.758,0.000
1709212184.764,-33.691,-40.039,-42.969,-47.852,0.000
1709212184.768,-31.738,-41.016,-45.898,-48.828,0.000
1709212184.771,-35.645,-37.598,-52.246,-56.152,0.000
1709212184.775,-40.527,-35.645,-47.852,-59.082,0.000
1709212184.779,-42.969,-39.062,-39.551,-53.223,0.000
1709212184.783,-41.992,-50.293,-41.992,-46.387,0.000
1709212184.787,-37.109,-50.781,-39.062,-40.039,0.000
1709212184.791,-30.273,-39.551,-35.645,-44.434,0.000
1709212184.795,-38.574,-45.898,-41.016,-46.875,0.000
1709212184.799,-44.922,-55.664,-39.062,-35.645,0.000
1709212184.803,-36.621,-40.039,-38.574,-31.250,0.000
1709212184.807,-25.879,-25.391,-40.527,-29.785,0.000
1709212184.810,-31.250,-30.273,-40.039,-36.133,0.000
1709212184.814,-41.504,-33.203,-42.969,-42.969,0.000
1709212184.818,-41.992,-43.945,-40.527,-46.875,0.000
1709212184.822,-34.668,-55.664,-40.039,-41.992,0.000
1709212184.826,-21.973,-36.621,-42.969,-36.621,0.000
1709212184.830,-19.531,-34.668,-37.598,-45.898,0.000
1709212184.834,-20.996,-53.223,-33.691,-46.387,0.000
1709212184.838,-31.738,-47.852,-37.598,-42.480,0.000
1709212184.842,-36.133,-40.527,-38.574,-35.645,0.000
1709212184.845,-29.785,-40.039,-37.109,-33.203,0.000
1709212184.849,-29.297,-40.527,-39.062,-35.645,0.000
1709212184.853,-34.180,-35.645,-38.574,-34.668,0.000
1709212184.857,-45.898,-34.668,-39.551,-33.691,0.000
1709212184.861,-59.082,-42.969,-45.410,-34.180,0.000
1709212184.865,-61.035,-43.945,-47.363,-39.062,0.000
1709212184.869,-50.781,-40.039,-48.828,-36.133,0.000
1709212184.873,-45.898,-35.645,-45.898,-42.969,0.000
1709212184.877,-50.781,-30.762,-41.504,-49.316,0.000
1709212184.881,-56.152,-41.992,-43.945,-50.781,0.000
1709212184.885,-51.758,-43.945,-40.527,-43.945,0.000
1709212184.889,-50.293,-43.457,-39.062,-42.969,0.000
1709212184.892,-51.758,-47.852,-44.434,-50.293,0.000
1709212184.896,-56.641,-38.086,-45.410,-55.176,0.000
1709212184.900,-62.988,-33.691,-37.109,-58.594,0.000
1709212184.904,-53.711,-31.250,-31.250,-44.922,0.000
1709212184.908,-44.434,-28.809,-43.945,-47.852,0.000
1709212184.912,-51.270,-36.133,-48.828,-59.570,0.000
1709212184.916,0.000,-42.480,-39.062,-56.641,0.000
1709212184.920,0.000,-42.480,-41.504,-56.641,0.000
1709212184.924,0.000,-44.922,-41.992,-52.246,0.000
1709212184.928,0.000,-53.223,-41.016,-42.969,0.000
1709212184.932,0.000,-47.852,-34.180,-42.480,0.000
1709212184.935,0.000,-36.133,-27.832,-47.363,0.000
1709212184.939,0.000,-27.832,-31.738,-44.922,0.000
1709212184.943,0.000,-34.668,-31.738,-35.156,0.000
1709212184.947,0.000,-38.574,-29.785,-27.344,0.000
1709212184.951,0.000,-28.320,-33.691,-25.879,0.000
1709212184.955,0.000,-22.949,-38.086,-29.297,0.000
1709212184.959,0.000,-37.109,-37.598,-43.457,0.000
1709212184.963,-28.809,-48.340,-33.203,-35.645,0.000
1709212184.967,-30.762,-43.457,-33.691,-35.645,0.000
1709212184.971,-38.086,-46.875,-33.691,-48.340,0.000
1709212184.974,-52.734,-41.992,-33.691,-56.152,0.000
1709212184.978,-58.105,-30.762,-34.180,-55.664,0.000
1709212184.982,-50.781,-32.715,-31.738,-42.480,0.000
1709212184.986,-52.734,-39.551,-37.109,-42.969,0.000
1709212184.990,-58.594,-43.457,-47.852,-52.734,0.000
1709212184.994,-58.594,-48.340,-45.898,-49.316,0.000
1709212184.998,-65.918,-39.062,-44.434,-50.781,0.000
1709212185.002,-70.312,-33.691,-51.270,-56.641,0.000
1709212185.006,-54.199,-40.527,-45.410,-48.828,0.000
1709212185.010,-45.410,-41.016,-46.387,-50.781,0.000
1709212185.014,-42.969,-33.691,-43.945,-48.828,0.000
1709212185.017,-45.898,-32.715,-34.668,-43.457,0.000
1709212185.021,-48.340,-30.273,-38.086,-41.504,0.000
1709212185.025,-42.480,-39.062,-41.504,-41.992,0.000
1709212185.029,-42.969,-50.781,-42.480,-45.410,0.000
1709212185.033,-49.805,-47.852,-43.945,-47.852,0.000
1709212185.037,-47.852,-50.781,-40.039,-40.527,0.000
1709212185.041,-52.246,-45.898,-39.062,-33.691,0.000
1709212185.045,-51.270,-37.109,-40.527,-37.598,0.000
1709212185.049,-44.922,-41.016,-40.527,-38.574,0.000
1709212185.053,-46.387,-43.457,-41.992,-34.668,0.000
1709212185.056,-41.504,-39.551,-36.133,-30.273,0.000
1709212185.060,-43.457,-41.992,-34.180,-37.109,0.000
1709212185.064,-43.945,-44.434,-41.992,-40.039,0.000
1709212185.068,-39.551,-42.969,-35.645,-35.156,0.000
1709212185.072,-47.852,-34.668,-26.367,-34.180,0.000
1709212185.076,-54.199,-37.598,-26.855,-35.156,0.000
1709212185.080,-49.316,-49.805,-22.461,-35.645,0.000
1709212185.084,-43.945,-44.922,-21.973,-29.785,0.000
1709212185.088,-43.945,-30.762,-36.133,-34.668,0.000
1709212185.092,-40.039,-35.156,-36.621,-37.109,0.000
1709212185.096,-43.457,-41.016,-33.203,-44.434,0.000
1709212185.099,-51.758,-37.109,-43.945,-55.176,0.000
1709212185.103,-44.922,-45.410,-38.574,-49.805,0.000
1709212185.107,-35.645,-48.340,-32.227,-38.574,0.000
1709212185.111,-35.645,-35.156,-35.645,-35.156,0.000
1709212185.115,-43.945,-35.645,-31.250,-36.133,0.000
1709212185.119,-46.875,-45.410,-29.297,-24.414,0.000
1709212185.123,-46.875,-40.039,-34.668,-25.391,0.000
1709212185.127,-46.875,-36.133,-37.598,-20.020,0.000
1709212185.131,-49.805,-48.828,-34.668,-11.230,0.000
1709212185.135,-45.410,-40.527,-34.180,-24.902,0.000
1709212185.138,-43.945,-28.809,-34.668,-34.180,0.000
1709212185.142,-53.711,-37.598,-44.922,-40.527,0.000
1709212185.146,-41.016,-41.504,-50.293,-40.039,0.000
1709212185.150,-21.484,-41.992,-38.086,-35.156,0.000
1709212185.154,-29.785,-55.176,-37.598,-38.574,0.000
1709212185.158,-46.387,-52.734,-40.039,-44.922,0.000
1709212185.162,-47.363,-37.598,-36.133,-44.434,0.000
1709212185.166,-47.363,-41.016,-40.527,-41.992,0.000
1709212185.170,-41.992,-46.875,-37.598,-46.387,0.000
1709212185.173,-41.992,-36.621,-39.551,-48.828,0.000
1709212185.177,-52.246,-28.809,-40.039,-54.688,0.000
1709212185.181,-53.223,-32.715,-40.527,-55.664,0.000
1709212185.185,-47.363,-32.227,-38.086,-45.410,0.000
1709212185.189,-50.293,-41.504,-39.062,-50.781,0.000
1709212185.193,-51.270,-51.270,-39.551,-55.664,0.000
1709212185.197,-48.340,-40.527,-32.715,-50.293,0.000
1709212185.201,-51.270,-39.551,-33.203,-38.574,0.000
1709212185.205,-52.734,-47.852,-40.527,-39.062,0.000
1709212185.209,-44.922,-38.574,-42.969,-39.062,0.000
1709212185.213,-39.551,-33.691,-36.621,-32.227,0.000
1709212185.217,-39.062,-42.480,-33.203,-34.180,0.000
1709212185.220,-36.621,-39.062,-30.273,-33.203,0.000
1709212185.224,-33.691,-33.203,-30.762,-28.809,0.000
1709212185.228,-31.738,-39.062,-37.109,-34.668,0.000
1709212185.232,-31.738,-41.504,-41.504,-33.203,0.000
1709212185.236,-39.062,-42.480,-41.016,-28.809,0.000
1709212185.240,-42.969,-44.922,-34.180,-32.715,0.000
1709212185.244,-41.016,-31.250,-26.855,-28.809,0.000
1709212185.248,-39.551,-31.250,-25.879,-21.973,0.000
1709212185.252,-33.691,-41.504,-37.109,-24.414,0.000
1709212185.256,-33.691,-31.738,-44.922,-39.062,0.000
1709212185.260,-42.969,-25.391,-47.363,-56.641,0.000
1709212185.264,-41.992,-26.855,-56.152,-51.758,0.000
1709212185.268,-29.785,-22.949,-56.641,-41.016,0.000
1709212185.271,-19.043,-12.207,-59.570,-43.457,0.000
1709212185.275,-24.902,-0.977,-67.871,-57.617,0.000
1709212185.279,-29.297,0.977,-66.895,-64.453,0.000
1709212185.283,-26.855,0.977,-64.941,-60.547,0.000
1709212185.287,-15.137,12.207,-66.895,-45.410,0.000
1709212185.291,-6.348,27.832,-71.777,-50.293,0.000
1709212185.295,-11.230,38.086,-77.148,-63.477,0.000
1709212185.299,-14.648,35.156,-83.008,-59.082,0.000
1709212185.303,-7.324,35.156,-83.496,-50.781,0.000
1709212185.307,1.953,38.086,-84.473,-41.992,0.000
1709212185.311,8.301,45.410,-88.867,-32.715,0.000
1709212185.314,14.160,53.711,-94.238,-37.109,0.000
1709212185.318,4.395,49.316,-103.027,-53.223,0.000
1709212185.322,7.812,50.293,-104.492,-43.457,0.000
1709212185.326,19.043,58.105,-106.934,-36.133,0.000
1709212185.330,24.902,61.035,-113.770,-39.062,0.000
1709212185.334,29.785,68.359,-112.305,-28.320,0.000
1709212185.338,38.086,82.031,-103.516,-12.695,0.000
1709212185.342,43.457,82.031,-104.980,-15.137,0.000
1709212185.346,48.340,70.801,-108.398,-20.020,0.000
1709212185.350,58.105,69.824,-108.398,-16.602,0.000
1709212185.354,62.988,72.754,-111.328,-18.555,0.000
1709212185.357,56.641,73.242,-109.863,-11.719,0.000
1709212185.361,47.363,76.660,-109.375,-12.695,0.000
1709212185.365,48.828,76.660,-110.840,-8.789,0.000
1709212185.369,50.293,60.059,-104.980,3.418,0.000
1709212185.373,44.922,50.293,-102.539,-3.418,0.000
1709212185.377,33.691,51.270,-101.074,-3.418,0.000
1709212185.381,24.902,50.293,-90.332,-2.441,0.000
1709212185.385,25.391,50.781,-85.938,-8.301,0.000
1709212185.389,23.926,46.875,-92.285,-7.812,0.000
1709212185.393,17.578,32.715,-87.891,-6.348,0.000
1709212185.396,3.418,22.461,-83.496,-19.531,0.000
1709212185.400,-8.789,22.949,-83.984,-24.902,0.000
1709212185.404,-7.812,17.578,-85.449,-20.020,0.000
1709212185.408,-5.371,16.113,-86.426,-27.344,0.000
1709212185.412,-2.441,20.508,-84.473,-17.090,0.000
1709212185.416,-4.883,21.484,-78.125,-12.207,0.000
1709212185.420,-2.930,3.906,-73.242,-20.996,0.000
1709212185.424,0.488,-3.906,-73.242,-11.719,0.000
1709212185.428,2.441,2.930,-74.707,-11.230,0.000
1709212185.432,-1.465,4.395,-70.312,-14.160,0.000
1709212185.436,-17.578,-5.371,-63.965,-19.531,0.000
1709212185.439,-23.438,-3.418,-55.664,-21.484,0.000
1709212185.443,-16.113,-3.418,-51.270,-13.672,0.000
1709212185.447,-12.207,-6.348,-59.082,-20.508,0.000
1709212185.451,-11.719,-7.324,-57.129,-22.461,0.000
1709212185.455,-12.207,-14.648,-58.594,-20.020,0.000
1709212185.459,-15.625,-15.625,-61.523,-20.020,0.000
1709212185.463,-14.648,-7.812,-62.012,-32.227,0.000
1709212185.467,-2.930,-7.324,-60.547,-35.645,0.000
1709212185.471,-4.883,-12.207,-60.547,-35.645,0.000
1709212185.475,-10.254,-13.184,-62.988,-34.180,0.000
1709212185.478,-11.230,-10.254,-54.199,-27.344,0.000
1709212185.482,-15.137,-14.160,-45.898,-34.668,0.000
1709212185.486,-18.555,-18.555,-50.293,-32.715,0.000
1709212185.490,-19.531,-13.184,-48.828,-26.855,0.000
1709212185.494,-21.484,-14.648,-41.016,-34.180,0.000
1709212185.498,-28.809,-21.484,-36.621,-38.574,0.000
1709212185.502,-36.133,-21.484,-41.504,-28.809,0.000
1709212185.506,-40.039,-21.484,-45.410,-23.926,0.000
1709212185.510,-27.832,-19.043,-39.551,-25.879,0.000
1709212185.514,-27.344,-21.484,-38.086,-34.668,0.000
1709212185.517,-42.969,-19.531,-41.504,-40.527,0.000
1709212185.521,-43.945,-9.766,-41.016,-33.203,0.000
1709212185.525,-32.715,-15.137,-40.527,-28.809,0.000
1709212185.529,-15.137,-32.227,-40.039,-26.855,0.000
1709212185.533,-16.113,-31.738,-39.551,-29.785,0.000
1709212185.537,-30.273,-20.996,-44.922,-31.738,0.000
1709212185.541,-40.527,-20.508,-48.340,-30.273,0.000
1709212185.545,-34.668,-23.926,-42.969,-29.785,0.000
1709212185.549,-21.484,-23.438,-38.086,-22.461,0.000
1709212185.553,-23.926,-28.809,-38.574,-31.250,0.000
1709212185.556,-26.855,-34.180,-45.410,-37.598,0.000
1709212185.560,-31.250,-30.273,-41.992,-35.156,0.000
1709212185.564,-33.203,-24.414,-39.062,-36.621,0.000
1709212185.568,-29.297,-20.508,-41.504,-35.156,0.000
1709212185.572,0.000,-21.973,-44.922,-43.457,0.000
1709212185.576,0.000,-28.320,-48.340,-50.293,0.000
1709212185.580,0.000,-20.020,-42.969,-42.969,0.000
1709212185.584,0.000,-18.066,-41.016,-37.109,0.000
1709212185.588,0.000,-33.203,-42.480,-42.969,0.000
1709212185.592,0.000,-40.527,-43.457,-43.457,0.000
1709212185.596,0.000,-39.062,-40.527,-39.062,0.000
1709212185.599,0.000,-39.551,-33.691,-38.086,0.000
1709212185.603,0.000,-45.898,-38.086,-28.809,0.000
1709212185.607,0.000,-47.363,-49.805,-27.832,0.000
1709212185.611,0.000,-30.762,-44.434,-33.203,0.000
1709212185.615,0.000,-14.648,-35.156,-27.344,0.000
1709212185.619,-29.297,-7.324,-41.992,-35.156,0.000
1709212185.623,-29.785,-11.719,-51.758,-37.598,0.000
1709212185.627,-24.902,-15.137,-58.105,-22.461,0.000
1709212185.631,-25.879,-10.742,-57.617,-24.902,0.000
1709212185.635,-26.855,-9.277,-53.223,-30.273,0.000
1709212185.639,-24.414,-5.859,-51.270,-21.484,0.000
1709212185.643,-18.555,-13.672,-51.270,-10.254,0.000
1709212185.646,-23.438,-19.043,-53.711,-16.113,0.000
1709212185.650,-35.645,-17.578,-57.129,-25.879,0.000
1709212185.654,-41.016,-27.832,-47.852,-20.020,0.000
1709212185.658,-45.898,-28.320,-41.992,-28.809,0.000
1709212185.662,-43.457,-18.066,-48.340,-33.203,0.000
1709212185.666,-32.227,-16.602,-49.316,-29.297,0.000
1709212185.670,-34.668,-23.438,-49.316,-36.621,0.000
1709212185.674,-43.457,-26.855,-52.734,-42.969,0.000
1709212185.678,-45.898,-28.809,-52.246,-46.875,0.000
1709212185.682,-46.875,-26.367,-46.387,-51.758,0.000
1709212185.686,-46.875,-24.902,-49.316,-56.152,0.000
1709212185.689,-42.969,-32.715,-49.805,-47.363,0.000
1709212185.693,-44.434,-44.434,-49.805,-45.898,0.000
1709212185.697,-41.992,-39.062,-46.875,-41.992,0.000
1709212185.701,-47.852,-28.320,-41.016,-37.598,0.000
1709212185.705,-53.711,-30.762,-46.387,-40.527,0.000
1709212185.709,-41.992,-33.691,-48.828,-35.156,0.000
1709212185.713,-37.598,-36.133,-41.504,-40.527,0.000
1709212185.717,-34.180,-36.621,-34.668,-48.828,0.000
1709212185.721,-31.738,-33.203,-38.574,-47.363,0.000
1709212185.725,-37.598,-33.203,-49.805,-46.875,0.000
1709212185.728,-36.621,-29.785,-49.316,-39.551,0.000
1709212185.732,-31.250,-34.668,-43.945,-31.738,0.000
1709212185.736,-29.785,-39.551,-42.969,-38.086,0.000
1709212185.740,-35.645,-37.109,-39.062,-47.363,0.000
1709212185.744,-42.969,-28.320,-38.086,-33.203,0.000
1709212185.748,-37.109,-20.508,-42.969,-33.203,0.000
1709212185.752,-37.598,-26.367,-37.598,-38.086,0.000
1709212185.756,-40.039,-29.785,-41.016,-42.480,0.000
1709212185.760,-42.480,-29.297,-40.039,-52.734,0.000
1709212185.764,-46.875,-28.809,-39.551,-49.316,0.000
1709212185.768,-34.180,-31.738,-41.016,-39.551,0.000
1709212185.771,-24.414,-48.340,-37.109,-35.156,0.000
1709212185.775,-38.086,-49.316,-34.668,-47.363,0.000
1709212185.779,-50.293,-40.039,-38.574,-57.129,0.000
1709212185.783,-50.781,-36.621,-43.945,-49.805,0.000
1709212185.787,-40.039,-37.598,-44.922,-38.574,0.000
1709212185.791,-36.621,-36.133,-42.480,-41.504,0.000
1709212185.795,-41.992,-37.598,-39.551,-51.758,0.000
1709212185.799,-45.898,-48.340,-40.527,-45.410,0.000
1709212185.803,-45.898,-51.270,-44.434,-41.992,0.000
1709212185.807,-45.898,-41.504,-47.363,-47.363,0.000
1709212185.810,-43.945,-37.109,-42.480,-47.852,0.000
1709212185.814,-36.621,-26.367,-35.645,-50.293,0.000
1709212185.818,-45.410,-23.438,-42.969,-47.363,0.000
1709212185.822,-62.012,-34.668,-52.246,-47.852,0.000
1709212185.826,-59.082,-42.969,-44.922,-46.875,0.000
1709212185.830,-43.945,-57.129,-42.969,-43.457,0.000
1709212185.834,-42.480,-56.152,-38.086,-37.109,0.000
1709212185.838,-39.062,-39.551,-36.133,-44.922,0.000
1709212185.842,-43.945,-33.203,-42.969,-50.781,0.000
1709212185.846,-46.387,-39.062,-41.504,-45.410,0.000
1709212185.850,-37.598,-41.016,-36.621,-41.016,0.000
1709212185.853,-33.203,-36.621,-35.156,-44.922,0.000
1709212185.857,-39.551,-34.180,-38.086,-58.105,0.000
1709212185.861,-45.410,-37.598,-42.480,-55.664,0.000
1709212185.865,-41.504,-47.852,-49.316,-52.734,0.000
1709212185.869,-30.762,-61.523,-42.969,-53.711,0.000
1709212185.873,-34.668,-50.293,-42.969,-58.105,0.000
1709212185.877,-49.805,-33.691,-51.758,-57.617,0.000
1709212185.881,-52.246,-37.598,-46.875,-44.922,0.000
1709212185.885,-44.922,-40.039,-45.898,-47.852,0.000
1709212185.889,-35.645,-42.480,-44.922,-47.852,0.000
1709212185.892,-35.645,-41.016,-37.109,-45.898,0.000
1709212185.896,-47.363,-34.668,-36.133,-52.246,0.000
1709212185.900,-50.781,-35.156,-41.992,-52.734,0.000
1709212185.904,-47.363,-45.410,-45.898,-54.688,0.000
1709212185.908,-43.457,-42.969,-41.992,-57.129,0.000
1709212185.912,-40.527,-33.691,-41.016,-58.594,0.000
1709212185.916,-47.363,-32.227,-44.922,-63.965,0.000
1709212185.920,-53.711,-33.203,-42.969,-66.406,0.000
1709212185.924,-55.176,-47.363,-40.527,-54.199,0.000
1709212185.927,-48.828,-46.387,-40.527,-55.664,0.000
1709212185.931,-43.945,-33.203,-35.156,-55.176,0.000
1709212185.935,-49.805,-31.738,-30.762,-49.316,0.000
1709212185.939,-53.711,-42.969,-34.180,-55.176,0.000
1709212185.943,-49.805,-43.945,-37.109,-49.805,0.000
1709212185.947,-43.945,-39.551,0.000,-42.480,0.000
1709212185.951,-46.387,-35.156,0.000,-47.852,0.000
1709212185.955,-56.152,-31.738,0.000,-53.223,0.000
1709212185.959,-55.176,-37.109,0.000,-53.223,0.000
1709212185.963,-46.875,-36.133,0.000,-49.316,0.000
1709212185.967,-39.062,-36.133,0.000,-44.434,0.000
1709212185.971,-41.504,-41.992,0.000,-46.875,0.000
1709212185.975,-42.969,-30.273,0.000,-46.875,0.000
1709212185.979,-37.598,-21.973,0.000,-45.898,0.000
1709212185.982,-38.086,-37.109,0.000,-46.875,0.000
1709212185.986,-37.598,-53.223,0.000,-44.922,0.000
1709212185.990,-32.227,-43.945,0.000,-43.945,0.000
1709212185.994,-37.598,-40.039,-56.152,-52.734,0.000
1709212185.998,-43.457,-39.062,-51.270,-57.617,0.000
1709212186.002,-41.504,-35.156,-48.340,-58.105,0.000
1709212186.006,-32.227,-36.133,-45.898,-56.641,0.000
1709212186.010,-26.367,-36.621,-40.527,-46.875,0.000
1709212186.014,-29.785,-39.551,-41.504,-41.504,0.000
1709212186.018,-43.457,-37.109,-40.039,-47.852,0.000
1709212186.022,-51.758,-28.320,-33.691,-44.922,0.000
1709212186.025,-50.781,-24.414,-45.410,-38.086,0.000
1709212186.029,-45.898,-32.227,-49.316,-30.762,0.000
1709212186.033,-41.504,-34.668,-40.039,-37.598,0.000
1709212186.037,-49.805,-37.598,-37.109,-51.758,0.000
1709212186.041,-54.199,-41.992,-38.574,-46.875,0.000
1709212186.045,-50.293,-39.551,-44.434,-40.039,0.000
1709212186.049,-38.086,-35.156,-46.387,-41.504,0.000
1709212186.053,-33.203,-36.621,-42.480,-41.504,0.000
1709212186.057,-33.691,-41.016,-31.738,-46.387,0.000
1709212186.061,-40.527,-47.363,-33.203,-58.105,0.000
1709212186.065,-42.969,-39.062,-45.898,-48.340,0.000
1709212186.068,-33.203,-36.133,-49.316,-39.551,0.000
1709212186.072,-31.738,-52.246,-48.828,-44.434,0.000
1709212186.076,-45.410,-45.898,-46.875,-49.805,0.000
1709212186.080,-53.223,-43.457,-46.387,-57.129,0.000
1709212186.084,-50.293,-46.875,-43.945,-47.852,0.000
1709212186.088,-47.852,-39.062,-43.945,-43.945,0.000
1709212186.092,-43.945,-32.715,-41.992,-49.805,0.000
1709212186.096,-49.316,-39.062,-39.551,-45.410,0.000
1709212186.100,-48.828,-53.711,-33.691,-36.133,0.000
1709212186.104,-42.969,-50.293,-36.133,-38.574,0.000
1709212186.108,-49.316,-45.410,-46.387,-39.062,0.000
1709212186.111,-41.504,-40.039,-43.457,-32.715,0.000
1709212186.115,-30.762,-47.852,-37.109,-31.738,0.000
1709212186.119,-33.691,-52.246,-37.598,-32.715,0.000
1709212186.123,-36.133,-33.691,-42.969,-34.180,0.000
1709212186.127,-26.367,-22.949,-33.203,-27.832,0.000
1709212186.131,-25.391,-38.086,-28.320,-28.320,0.000
1709212186.135,-31.250,-39.551,-29.785,-39.551,0.000
1709212186.139,-40.527,-33.691,-34.668,-49.805,0.000
1709212186.143,-45.410,-39.062,-41.992,-49.316,0.000
1709212186.147,-31.738,-41.504,-39.062,-48.828,0.000
1709212186.151,-38.574,-47.363,-41.504,-56.641,0.000
1709212186.154,-47.852,-39.062,-45.410,-61.035,0.000
1709212186.158,-46.875,-30.273,-43.945,-60.059,0.000
1709212186.162,-41.504,-39.062,-35.645,-42.480,0.000
1709212186.166,-33.691,-41.992,-35.156,-26.855,0.000
1709212186.170,-31.250,-39.062,-38.574,-35.156,0.000
1709212186.174,-21.973,-35.645,-38.086,-46.875,0.000
1709212186.178,-31.738,-37.598,-37.109,-50.293,0.000
1709212186.182,-46.875,-36.133,-36.133,-40.039,0.000
1709212186.186,-41.016,-29.297,-33.203,-33.691,0.000
1709212186.190,-39.062,-35.645,-33.691,-29.297,0.000
1709212186.193,-40.039,-41.016,-40.039,-28.809,0.000
1709212186.197,-41.016,-46.387,-37.598,-34.668,0.000
1709212186.201,-49.805,-56.641,-31.250,-33.203,0.000
1709212186.205,-51.758,-53.223,-35.645,-23.926,0.000
1709212186.209,-43.945,-48.828,-39.062,-14.160,0.000
1709212186.213,-43.945,-44.434,-37.598,-32.227,0.000
1709212186.217,-53.223,-41.992,-33.203,-51.270,0.000
1709212186.221,-51.758,-33.691,-36.621,-47.852,0.000
1709212186.225,-44.434,-25.879,-43.945,-48.828,0.000
1709212186.229,-45.410,-23.438,-41.016,-43.945,0.000
1709212186.233,-51.758,-28.809,-41.992,-41.992,0.000
1709212186.237,-49.316,-38.086,-43.457,-54.199,0.000
1709212186.240,-42.969,-34.668,-36.133,-58.105,0.000
1709212186.244,-48.340,-40.039,-37.598,-48.340,0.000
1709212186.248,-42.969,-40.527,-42.969,-48.828,0.000
1709212186.252,-30.273,-33.203,-39.551,-38.574,0.000
1709212186.256,-33.203,-28.809,-37.109,-42.480,0.000
1709212186.260,-40.039,-25.879,-32.715,-56.152,0.000
1709212186.264,-30.762,-26.367,-31.250,-42.480,0.000
1709212186.268,-21.484,-22.949,-29.785,-37.598,0.000
1709212186.272,-23.926,-19.531,-33.203,-42.480,0.000
1709212186.276,-27.344,-32.715,-37.109,-52.734,0.000
1709212186.279,-25.879,-38.574,-32.715,-57.617,0.000
1709212186.283,-30.273,-24.902,-39.551,-56.641,0.000
1709212186.287,-30.273,-31.738,-48.340,-53.223,0.000
1709212186.291,-23.926,-43.945,-44.434,-41.016,0.000
1709212186.295,-24.902,-33.691,-44.434,-40.527,0.000
1709212186.299,-37.109,-38.574,-45.410,-46.875,0.000
1709212186.303,-39.062,-44.434,-44.922,-41.504,0.000
1709212186.307,-30.273,-42.969,-49.316,-41.016,0.000
1709212186.311,-23.926,-37.598,-49.805,-40.039,0.000
1709212186.315,-20.020,-36.133,-44.922,-26.367,0.000
1709212186.318,-25.391,-40.527,-37.598,-26.367,0.000
1709212186.322,-32.715,-35.645,-34.180,-27.832,0.000
1709212186.326,-26.855,-37.109,-32.715,-21.484,0.000
1709212186.330,-20.996,-49.316,-33.203,-28.809,0.000
1709212186.334,-25.391,-45.410,-37.598,-41.504,0.000
1709212186.338,-30.762,-34.668,-37.598,-48.828,0.000
1709212186.342,-43.945,-45.410,-34.180,-43.457,0.000
1709212186.346,-46.387,-52.246,-33.203,-32.227,0.000
1709212186.350,-37.109,-51.270,-41.992,-38.086,0.000
1709212186.354,-33.203,-42.480,-39.551,-47.363,0.000
1709212186.357,-32.715,-50.293,-33.203,-40.039,0.000
1709212186.361,-42.480,-54.688,-39.551,-48.340,0.000
1709212186.365,-37.109,-41.504,-41.504,-52.246,0.000
1709212186.369,-23.438,-42.480,-37.598,-47.852,0.000
1709212186.373,-26.855,-42.480,-35.156,-47.852,0.000
1709212186.377,-39.551,-48.340,-41.016,-53.711,0.000
1709212186.381,-38.574,-50.293,-38.086,-56.152,0.000
1709212186.385,-37.109,-41.992,-36.621,-48.828,0.000
1709212186.389,-33.691,-45.410,-40.039,-45.898,0.000
1709212186.393,-32.715,-46.387,-45.898,-48.340,0.000
1709212186.397,-35.156,-32.227,-44.434,-45.410,0.000
1709212186.400,-39.062,-30.273,-36.621,-38.086,0.000
1709212186.404,-33.691,-35.156,-33.203,-30.762,0.000
1709212186.408,-21.484,-32.227,-34.668,-32.227,0.000
1709212186.412,-22.949,-35.156,-33.691,-40.527,0.000
1709212186.416,-35.645,-38.086,-38.574,-43.457,0.000
1709212186.420,-40.039,-39.062,-38.574,-41.504,0.000
1709212186.424,-39.062,-53.223,-30.762,-34.180,0.000
1709212186.428,-43.945,-51.270,-27.832,-35.156,0.000
1709212186.432,-41.504,-41.992,-33.203,-36.621,0.000
1709212186.436,-42.969,-40.527,-38.086,-37.109,0.000
1709212186.440,-58.105,-34.180,-36.621,-41.504,0.000
1709212186.443,-69.336,-41.016,-43.457,-49.316,0.000
1709212186.447,-61.523,-38.086,-46.387,-41.504,0.000
1709212186.451,-46.387,-25.879,-33.691,-31.738,0.000
1709212186.455,-48.340,-35.156,-38.574,-39.551,0.000
1709212186.459,-57.617,-51.758,-41.016,-47.363,0.000
1709212186.463,-60.059,-52.734,-43.945,-44.434,0.000
1709212186.467,-67.871,-53.711,-48.828,-42.969,0.000
1709212186.471,-64.453,-55.664,-51.270,-48.340,0.000
1709212186.475,-54.688,-50.781,-48.340,-48.340,0.000
1709212186.479,-52.734,-43.457,-42.969,-46.875,0.000
1709212186.483,-51.758,-42.969,-42.969,-58.594,0.000
1709212186.486,-55.176,-43.457,-40.527,-58.105,0.000
1709212186.490,-46.875,-40.039,-36.133,-53.711,0.000
1709212186.494,-43.457,-45.898,-37.109,-43.945,0.000
1709212186.498,-54.688,-41.504,-41.016,-50.781,0.000
1709212186.502,-61.523,-42.480,-39.551,-63.965,0.000
1709212186.506,-62.012,-39.551,-46.875,-56.152,0.000
1709212186.510,-53.223,-34.180,-47.852,-55.664,0.000
1709212186.514,-40.527,-35.645,-40.527,-58.105,0.000
1709212186.518,-42.969,-29.785,-43.945,-53.223,0.000
1709212186.522,-47.852,-31.250,-41.992,-53.223,0.000
1709212186.525,-41.504,-38.086,-36.133,-55.664,0.000
1709212186.529,-35.156,-39.551,-37.109,-50.781,0.000
1709212186.533,-36.133,-42.480,-41.504,-49.805,0.000
1709212186.537,-39.062,-37.109,-43.457,-44.434,0.000
1709212186.541,-38.086,-29.785,-36.621,-32.715,0.000
1709212186.545,-37.598,-32.715,-41.992,-38.574,0.000
1709212186.549,-34.668,-34.180,-46.387,-46.387,0.000
1709212186.553,-33.691,-33.203,-38.086,-40.527,0.000
1709212186.557,-41.016,-36.621,-38.574,-41.992,0.000
1709212186.561,-42.480,-38.574,-39.551,-50.781,0.000
1709212186.564,-36.621,-42.969,-39.551,-49.316,0.000
1709212186.568,-35.645,-40.039,-38.574,-48.340,0.000
1709212186.572,-41.016,-33.203,-42.480,-57.129,0.000
1709212186.576,-45.898,-25.391,-44.922,-67.871,0.000
1709212186.580,-49.805,-28.809,-51.758,-61.035,0.000
1709212186.584,-50.293,-40.527,-50.293,-39.551,0.000
1709212186.588,-40.527,-36.621,-42.480,-44.434,0.000
1709212186.592,-33.691,-31.250,-37.109,-54.199,0.000
1709212186.596,-41.992,-33.203,-31.250,-48.340,0.000
1709212186.600,-50.781,-41.016,-41.016,-51.270,0.000
1709212186.603,-57.129,-43.457,-42.969,-53.223,0.000
1709212186.607,-50.781,-40.039,-40.527,-44.922,0.000
1709212186.611,-37.598,-31.250,-39.551,-32.715,0.000
1709212186.615,-39.062,-29.785,-40.039,-40.527,0.000
1709212186.619,-45.410,-42.480,-43.945,-56.641,0.000
1709212186.623,-48.340,-50.293,-38.086,-57.129,0.000
1709212186.627,-49.805,-56.152,-40.527,-44.434,0.000
1709212186.631,-45.898,-53.223,-43.945,-36.621,0.000
1709212186.635,-38.086,-37.598,-31.250,-41.992,0.000
1709212186.639,-42.480,-39.551,-28.320,-44.922,0.000
1709212186.643,-44.922,-34.668,-33.203,-44.922,0.000
1709212186.646,-32.715,-20.996,-36.621,-42.969,0.000
1709212186.650,-34.668,-27.344,-38.574,-47.363,0.000
1709212186.654,-39.551,-39.062,-42.480,-51.270,0.000
1709212186.658,-36.133,-42.969,-34.668,-44.434,0.000
1709212186.662,-38.086,-44.434,-36.621,-42.480,0.000
1709212186.666,-39.551,-48.340,-43.945,-42.480,0.000
1709212186.670,-29.785,-40.039,-30.273,-31.738,0.000
1709212186.674,-26.855,-29.785,-30.273,-30.273,0.000
1709212186.678,-29.785,-27.832,-43.945,-50.781,0.000
1709212186.681,-32.227,-31.738,-39.062,-50.781,0.000
1709212186.685,-27.832,-37.598,-34.668,-32.227,0.000
1709212186.689,-22.461,-45.898,-38.574,-25.391,0.000
1709212186.693,-21.973,-36.621,-42.969,-38.574,0.000
1709212186.697,-31.250,-25.879,-43.945,-56.641,0.000
1709212186.701,-38.574,-22.461,-36.133,-56.152,0.000
1709212186.705,-45.898,-30.762,-31.738,-42.969,0.000
1709212186.709,-50.781,-41.992,-37.109,-39.551,0.000
1709212186.713,-49.805,-36.621,-30.273,-37.598,0.000
1709212186.717,-49.316,-28.320,-27.344,-37.598,0.000
1709212186.720,-46.387,-34.180,-41.504,-30.762,0.000
1709212186.724,-40.527,-41.992,-46.875,-30.762,0.000
1709212186.728,-35.645,-43.945,-37.598,-39.062,0.000
1709212186.732,-41.016,-40.039,-30.762,-33.203,0.000
1709212186.736,-42.969,-35.156,-29.785,-27.344,0.000
1709212186.740,-48.828,-44.922,-34.668,-35.156,0.000
1709212186.744,-57.617,-45.410,-42.969,-39.062,0.000
1709212186.748,-52.734,-39.551,-41.504,-34.180,0.000
1709212186.752,-46.875,-48.340,-36.621,-34.180,0.000
1709212186.756,-42.480,-53.223,-41.016,-39.551,0.000
1709212186.760,-41.992,-46.875,-40.527,-35.156,0.000
1709212186.763,-48.340,-43.457,-36.621,-19.531,0.000
1709212186.767,-48.340,-38.574,-32.227,-18.066,0.000
1709212186.771,-46.387,-33.691,-38.086,-39.551,0.000
1709212186.775,-43.457,-36.621,-43.457,-47.852,0.000
1709212186.779,-44.434,-38.086,-40.527,-40.039,0.000
1709212186.783,-38.574,-36.133,-37.598,-38.574,0.000
1709212186.787,-31.250,-44.922,-41.016,-41.992,0.000
1709212186.791,-31.738,-50.781,-41.504,-32.715,0.000
1709212186.795,-35.645,-43.945,-42.480,-28.809,0.000
1709212186.799,-42.969,-42.480,-45.410,-34.668,0.000
1709212186.803,-44.434,-48.340,-42.969,-36.133,0.000
1709212186.806,-32.227,-43.457,-36.621,-31.738,0.000
1709212186.810,-26.855,-38.086,-39.551,-25.879,0.000
1709212186.814,-43.457,-31.250,-45.410,-33.203,0.000
1709212186.818,-48.340,-24.902,-35.645,-44.922,0.000
1709212186.822,-48.828,-29.785,-31.738,-42.480,0.000
1709212186.826,-58.105,-32.715,-41.016,-35.645,0.000
1709212186.830,-54.688,-28.320,-44.434,-36.133,0.000
1709212186.834,-40.527,-32.715,-40.527,-28.809,0.000
1709212186.838,-42.480,-44.434,-36.133,-25.391,0.000
1709212186.842,-57.129,-53.223,-42.480,-27.344,0.000
1709212186.846,-51.270,-57.617,-45.898,-27.832,0.000
1709212186.849,-37.109,-39.062,-38.574,-27.832,0.000
1709212186.853,-41.992,-31.250,-46.387,-36.621,0.000
1709212186.857,-50.293,-42.969,-55.176,-35.645,0.000
1709212186.861,-54.688,-40.039,-52.246,-45.898,0.000
1709212186.865,-53.711,-47.363,-48.340,-49.805,0.000
1709212186.869,-40.039,-52.734,-46.875,-27.832,0.000
1709212186.873,-36.133,-41.992,-46.875,-35.645,0.000
1709212186.877,-42.480,-35.645,-41.992,-44.922,0.000
1709212186.881,-51.758,-43.945,-41.016,-41.992,0.000
1709212186.885,-49.805,-53.223,-42.480,-40.039,0.000
1709212186.888,-45.410,-43.945,-37.109,-35.156,0.000
1709212186.892,-37.109,-41.016,-36.133,-41.992,0.000
1709212186.896,-39.551,-48.828,-35.645,-51.270,0.000
1709212186.900,-54.199,-40.527,-32.227,-50.781,0.000
1709212186.904,-50.293,-35.156,-35.645,-50.781,0.000
1709212186.908,-38.086,-40.527,-40.527,-49.805,0.000
1709212186.912,-42.969,-45.410,-42.480,-44.434,0.000
1709212186.916,-47.852,-42.480,-48.828,-45.410,0.000
1709212186.920,-52.734,-42.969,-44.922,-61.523,0.000
1709212186.924,-54.199,-49.316,-41.992,-56.152,0.000
1709212186.928,-42.480,-50.781,-41.504,-45.898,0.000
1709212186.931,-29.785,-47.363,-41.992,-46.387,0.000
1709212186.935,-29.297,-43.945,-45.898,-37.598,0.000
1709212186.939,-35.156,-42.480,-38.086,-29.297,0.000
1709212186.943,-30.762,-39.062,-34.668,-22.461,0.000
1709212186.947,-30.273,-42.969,-36.621,-17.090,0.000
1709212186.951,-31.738,-45.898,-35.645,-19.043,0.000
1709212186.955,-38.086,-40.527,-37.598,-25.879,0.000
1709212186.959,-41.016,-42.969,-36.133,-25.391,0.000
1709212186.963,-44.922,-49.805,-31.738,-30.273,0.000
1709212186.967,-42.969,-45.898,-32.227,-30.762,0.000
1709212186.970,-32.227,-48.340,-35.156,-23.438,0.000
1709212186.974,-29.785,-59.082,-34.180,-24.414,0.000
1709212186.978,-49.316,-52.246,-39.551,-34.180,0.000
1709212186.982,-62.012,-42.480,-42.480,-25.879,0.000
1709212186.986,-50.781,-43.457,-41.992,-10.254,0.000
1709212186.990,-35.156,-41.016,-39.551,-22.461,0.000
1709212186.994,-39.551,-37.598,-34.180,-43.945,0.000
1709212186.998,-47.852,-37.598,-31.738,-49.316,0.000
1709212187.002,-53.711,-46.875,-36.133,-51.758,0.000
1709212187.006,-46.875,-35.156,-39.551,-51.270,0.000
1709212187.009,-41.504,-23.438,-40.039,-52.734,0.000
1709212187.013,-45.898,-34.180,-43.457,-55.664,0.000
1709212187.017,-45.410,-37.598,-46.387,-57.617,0.000
1709212187.021,-45.898,-35.645,-49.316,-59.570,0.000
1709212187.025,-39.062,-34.668,-51.758,-57.129,0.000
1709212187.029,-33.203,-33.691,-46.387,-54.199,0.000
1709212187.033,-20.020,-23.438,-31.738,-44.922,0.000
1709212187.037,-17.578,-26.855,-34.180,-49.316,0.000
1709212187.041,-39.062,-30.273,-38.086,-62.988,0.000
1709212187.045,-41.016,-27.344,-35.645,-58.594,0.000
1709212187.048,-34.668,-35.156,-45.898,-48.828,0.000
1709212187.052,-30.273,-25.391,-52.734,-48.340,0.000
1709212187.056,-25.879,-23.438,-47.363,-49.316,0.000
1709212187.060,-28.809,-33.203,-45.898,-42.480,0.000
1709212187.064,-39.551,-35.645,-53.711,-37.598,0.000
1709212187.068,-47.363,-26.367,-49.316,-42.969,0.000
1709212187.072,-38.086,-20.020,-38.086,-41.016,0.000
1709212187.076,-29.297,-25.879,-36.621,-40.527,0.000
1709212187.080,-37.109,-37.109,-43.457,-44.922,0.000
1709212187.083,-43.457,-36.133,-40.527,-43.457,0.000
1709212187.087,-42.969,-34.180,-40.527,-38.086,0.000
1709212187.091,-36.621,-41.992,-34.668,-31.250,0.000
1709212187.095,-36.621,-47.363,-33.203,-40.527,0.000
1709212187.099,-40.039,-30.762,-39.062,-42.969,0.000
1709212187.103,-42.969,-27.832,-37.598,-33.691,0.000
1709212187.107,-38.574,-41.016,-37.598,-37.598,0.000
1709212187.111,-35.156,-44.434,-40.527,-35.156,0.000
1709212187.115,-40.039,-39.551,-40.527,-35.156,0.000
1709212187.119,0.000,-33.203,0.000,-36.133,0.000
1709212187.123,0.000,-36.133,0.000,-37.598,0.000
1709212187.127,0.000,-34.668,0.000,-37.598,0.000
1709212187.131,0.000,-27.344,0.000,-37.598,0.000
1709212187.135,0.000,-31.738,0.000,-37.109,0.000
1709212187.138,0.000,-35.156,0.000,-36.621,0.000
1709212187.142,0.000,-31.250,0.000,-40.527,0.000
1709212187.146,0.000,-30.273,0.000,-39.062,0.000
1709212187.150,0.000,-44.434,0.000,-32.715,0.000
1709212187.154,0.000,-46.387,0.000,-21.973,0.000
1709212187.158,0.000,-27.344,0.000,-33.203,0.000
1709212187.162,0.000,-17.578,0.000,-37.598,0.000
1709212187.166,-28.320,-25.879,-43.457,-23.926,0.000
1709212187.170,-28.320,-27.344,-41.504,-21.973,0.000
1709212187.174,-30.762,-24.414,-41.992,-29.297,0.000
1709212187.178,-33.691,-34.668,-42.480,-35.645,0.000
1709212187.181,-33.203,-37.598,-41.504,-37.109,0.000
1709212187.185,-34.668,-34.180,-44.434,-30.273,0.000
1709212187.189,-30.762,-39.062,-42.969,-20.508,0.000
1709212187.193,-25.879,-41.016,-34.180,-14.648,0.000
1709212187.197,-32.227,-39.062,-35.156,-22.949,0.000
1709212187.201,-41.016,-42.480,-35.645,-34.180,0.000
1709212187.205,-45.898,-40.527,-39.551,-31.250,0.000
1709212187.209,-44.434,-45.410,-45.898,-25.879,0.000
1709212187.213,-42.969,-49.805,-40.527,-17.578,0.000
1709212187.217,-47.852,-41.016,-42.969,-19.531,0.000
1709212187.221,-57.129,-46.875,-45.410,-35.156,0.000
1709212187.224,-62.988,-51.270,-41.504,-39.551,0.000
1709212187.228,-54.688,-43.945,-41.016,-32.227,0.000
1709212187.232,-49.805,-40.039,-45.410,-31.250,0.000
1709212187.236,-56.641,-45.410,-53.711,-45.410,0.000
1709212187.240,-52.246,-42.969,-45.898,-45.410,0.000
1709212187.244,-41.992,-41.016,-35.156,-28.809,0.000
1709212187.248,-43.945,-39.551,-40.527,-34.668,0.000
1709212187.252,-43.945,-45.410,-41.504,-48.828,0.000
1709212187.256,-41.504,-55.176,-38.574,-44.922,0.000
1709212187.260,-48.340,-46.875,-37.598,-41.992,0.000
1709212187.264,-54.688,-36.133,-39.551,-41.504,0.000
1709212187.267,-49.316,-38.574,-37.598,-35.156,0.000
1709212187.271,-37.109,-45.410,-44.434,-27.832,0.000
1709212187.275,-34.668,-41.992,-47.852,-29.785,0.000
1709212187.279,-37.598,-44.434,-40.039,-37.109,0.000
1709212187.283,-36.621,-47.852,-37.598,-34.668,0.000
1709212187.287,-26.855,-46.387,-32.227,-24.902,0.000
1709212187.291,-21.484,-46.875,-33.691,-20.996,0.000
1709212187.295,-26.855,-45.410,-38.086,-22.949,0.000
1709212187.299,-43.457,-46.387,-39.062,-28.809,0.000
1709212187.303,-45.410,-41.016,-37.109,-26.367,0.000
1709212187.306,-30.762,-29.785,-34.668,-18.066,0.000
1709212187.310,-23.438,-27.344,-28.809,-15.137,0.000
1709212187.314,-23.926,-39.551,-25.879,-20.996,0.000
1709212187.318,-26.367,-46.875,-29.297,-22.461,0.000
1709212187.322,-34.668,-41.992,-37.109,-26.367,0.000
1709212187.326,-33.203,-37.598,-39.062,-26.367,0.000
1709212187.330,-27.344,-34.668,-35.156,-20.020,0.000
1709212187.334,-27.344,-29.297,-30.762,-20.020,0.000
1709212187.338,-27.344,-24.414,-32.227,-30.762,0.000
1709212187.342,-33.203,-27.832,-32.715,-39.551,0.000
1709212187.345,-35.156,-30.762,-32.227,-24.902,0.000
1709212187.349,-28.809,-25.391,-36.621,-29.297,0.000
1709212187.353,-28.809,-27.832,-31.738,-47.363,0.000
1709212187.357,-39.551,-40.527,-30.273,-54.688,0.000
1709212187.361,-57.129,-50.293,-38.086,-58.105,0.000
1709212187.365,-56.641,-44.922,-41.992,-58.594,0.000
1709212187.369,-41.504,-34.180,-37.109,-51.270,0.000
1709212187.373,-42.969,-37.109,-37.598,-50.293,0.000
1709212187.377,-52.734,-42.969,-38.086,-45.410,0.000
1709212187.381,-47.852,-38.086,-36.621,-36.133,0.000
1709212187.384,-41.016,-41.992,-45.410,-32.227,0.000
1709212187.388,-40.527,-43.945,-47.852,-30.762,0.000
1709212187.392,-36.621,-27.832,-47.363,-34.668,0.000
1709212187.396,-41.016,-38.086,-54.199,-38.574,0.000
1709212187.400,-46.387,-47.852,-45.898,-41.504,0.000
1709212187.404,-45.898,-30.762,-35.156,-40.527,0.000
1709212187.408,-47.852,-33.691,-40.527,-45.410,0.000
1709212187.412,-50.781,-47.852,-46.387,-45.898,0.000
1709212187.416,-44.434,-39.062,-41.992,-35.156,0.000
1709212187.420,-47.363,-34.668,-37.598,-30.762,0.000
1709212187.423,-55.664,-45.410,-39.551,-27.832,0.000
1709212187.427,-50.781,-39.062,-36.133,-30.273,0.000
1709212187.431,-49.316,-49.805,-41.504,-40.039,0.000
1709212187.435,-50.781,-45.898,-46.387,-43.945,0.000
1709212187.439,-49.316,-37.109,-43.945,-43.457,0.000
1709212187.443,-46.875,-43.945,-47.852,-47.852,0.000
1709212187.447,-37.598,-35.156,-48.828,-40.039,0.000
1709212187.451,-32.715,-29.785,-40.527,-27.832,0.000
1709212187.455,-27.832,-31.250,-38.086,-29.297,0.000
1709212187.459,-31.738,-27.344,-38.574,-34.668,0.000
1709212187.463,-36.621,-33.203,-37.109,-41.016,0.000
1709212187.467,-24.902,-39.062,-31.738,-31.738,0.000
1709212187.470,-22.949,-45.898,-31.738,-28.809,0.000
1709212187.474,-44.922,-56.152,-41.504,-40.039,0.000
1709212187.478,-49.805,-54.199,-41.504,-52.734,0.000
1709212187.482,-44.434,-46.875,-37.109,-45.410,0.000
1709212187.486,-49.805,-38.574,-43.945,-43.457,0.000
1709212187.490,-52.246,-36.621,-42.480,-50.293,0.000
1709212187.494,-49.805,-34.668,-38.574,-46.875,0.000
1709212187.498,-55.176,-38.086,-44.922,-48.828,0.000
1709212187.502,-57.129,-41.016,-43.457,-45.410,0.000
1709212187.506,-51.758,-37.109,-38.574,-43.945,0.000
1709212187.510,-51.270,-34.668,-44.922,-47.363,0.000
1709212187.513,-48.340,-29.297,-44.922,-35.156,0.000
1709212187.517,-41.992,-30.762,-45.410,-32.715,0.000
1709212187.521,-44.922,-41.504,-50.781,-36.621,0.000
1709212187.525,-42.969,-37.109,-49.316,-33.203,0.000
1709212187.529,-33.691,-33.203,-47.852,-21.973,0.000
1709212187.533,-40.527,-29.297,-42.480,-26.367,0.000
1709212187.537,-54.688,-29.297,-37.109,-40.527,0.000
1709212187.541,-49.316,-37.598,-37.109,-45.898,0.000
1709212187.545,-43.457,-35.156,-37.109,-41.016,0.000
1709212187.549,-39.062,-27.832,-37.598,-27.832,0.000
1709212187.553,-32.715,-29.785,-38.574,-19.531,0.000
1709212187.556,-30.273,-37.598,-36.133,-22.949,0.000
1709212187.560,-25.391,-35.645,-31.250,-24.902,0.000
1709212187.564,-25.391,-40.039,-31.250,-19.531,0.000
1709212187.568,-27.344,-40.039,-37.598,-21.973,0.000
1709212187.572,-25.391,-27.344,-40.527,-17.578,0.000
1709212187.576,-26.855,-28.320,-34.668,-17.090,0.000
1709212187.580,-34.180,-35.645,-37.109,-31.250,0.000
1709212187.584,-30.273,-28.320,-35.156,-26.367,0.000
1709212187.588,-26.855,-30.762,-30.762,-17.090,0.000
1709212187.592,-30.762,-40.527,-35.645,-19.531,0.000
1709212187.596,-31.738,-32.227,-36.133,-30.273,0.000
1709212187.599,-33.691,-29.785,-36.621,-32.715,0.000
1709212187.603,-32.227,-32.227,-39.551,-37.598,0.000
1709212187.607,-29.297,-33.691,-42.969,-44.922,0.000
1709212187.611,-34.668,-33.691,-46.387,-48.828,0.000
1709212187.615,-39.062,-31.250,-37.109,-50.293,0.000
1709212187.619,-48.340,-41.504,-27.344,-42.969,0.000
1709212187.623,-57.129,-46.387,-28.809,-41.016,0.000
1709212187.627,-48.828,-33.691,-38.086,-44.922,0.000
1709212187.631,-29.297,-18.555,-42.480,-40.527,0.000
1709212187.635,-23.438,-22.949,-43.457,-41.016,0.000
1709212187.638,-31.250,-39.551,-47.363,-48.340,0.000
1709212187.642,-41.504,-38.086,-40.527,-52.734,0.000
1709212187.646,-42.969,-34.668,-42.969,-45.410,0.000
1709212187.650,-43.457,-40.039,-50.781,-37.109,0.000
1709212187.654,-40.039,-41.016,-40.039,-31.250,0.000
1709212187.658,-35.645,-51.270,-39.062,-37.109,0.000
1709212187.662,-35.645,-51.270,-45.898,-41.016,0.000
1709212187.666,-37.109,-32.227,-41.992,-24.414,0.000
1709212187.670,-34.668,-30.273,-39.551,-18.066,0.000
1709212187.674,-29.785,-29.297,-37.109,-17.090,0.000
1709212187.678,-27.832,-39.551,-38.086,-26.367,0.000
1709212187.681,-26.367,-34.180,-39.062,-43.457,0.000
1709212187.685,-23.926,-27.832,-33.203,-45.410,0.000
1709212187.689,-29.785,-51.270,-35.156,-38.574,0.000
1709212187.693,-39.062,-42.969,-36.621,-33.691,0.000
1709212187.697,-41.992,-15.625,-26.855,-22.949,0.000
1709212187.701,-46.387,-16.113,-22.949,-25.391,0.000
1709212187.705,-43.945,-31.738,-30.273,-34.180,0.000
1709212187.709,-41.504,-42.480,-35.645,-22.461,0.000
1709212187.713,-41.016,-40.039,-39.062,-26.367,0.000
1709212187.717,-40.527,-40.527,-35.156,-37.598,0.000
1709212187.720,-47.852,-50.293,-36.133,-40.039,0.000
1709212187.724,-45.898,-43.945,-40.039,-39.062,0.000
1709212187.728,-42.969,-31.250,-38.086,-36.621,0.000
1709212187.732,-48.828,-37.109,-39.551,-39.062,0.000
1709212187.736,-46.387,-33.691,-38.574,-43.457,0.000
1709212187.740,-52.734,-34.180,-45.898,-57.129,0.000
1709212187.744,-52.246,-33.203,-40.039,-45.410,0.000
1709212187.748,-41.992,-31.738,-38.086,-39.062,0.000
1709212187.752,-38.574,-39.062,-37.598,-43.457,0.000
1709212187.756,-44.922,-37.109,-37.598,-47.852,0.000
1709212187.759,-51.270,-29.785,-41.016,-62.012,0.000
1709212187.763,-49.316,-30.762,-36.621,-55.664,0.000
1709212187.767,-39.551,-38.086,-34.180,-38.574,0.000
1709212187.771,-25.879,-31.738,-31.250,-29.297,0.000
1709212187.775,-23.926,-27.832,-27.832,-29.297,0.000
1709212187.779,-37.598,-52.734,-37.109,-28.320,0.000
1709212187.783,-54.199,-61.523,-47.363,-29.785,0.000
1709212187.787,-44.434,-41.016,-37.598,-21.973,0.000
1709212187.791,-30.273,-32.227,-34.668,-24.414,0.000
1709212187.795,-41.992,-35.645,-42.969,-33.691,0.000
1709212187.798,-53.711,-43.945,-37.598,-22.461,0.000
1709212187.802,-61.523,-49.316,-38.086,-27.344,0.000
1709212187.806,-57.129,-44.434,-44.434,-29.785,0.000
1709212187.810,-38.574,-35.645,-38.574,-15.137,0.000
1709212187.814,-28.320,-40.039,-29.785,-11.719,0.000
1709212187.818,-32.227,-46.875,-34.668,-17.578,0.000
1709212187.822,-44.434,-41.504,-40.527,-28.809,0.000
1709212187.826,-36.133,-34.180,-36.621,-29.785,0.000
1709212187.830,-27.344,-31.250,-36.621,-28.320,0.000
1709212187.834,-36.133,-30.273,-37.598,-39.062,0.000
1709212187.837,-30.273,-34.668,-29.785,-37.109,0.000
1709212187.841,-25.879,-32.227,-26.367,-32.227,0.000
1709212187.845,-35.645,-25.879,-37.109,-40.527,0.000
1709212187.849,-43.457,-43.457,-41.992,-44.922,0.000
1709212187.853,-30.273,-50.781,-37.109,-40.527,0.000
1709212187.857,-28.320,-45.410,-32.715,-38.086,0.000
1709212187.861,-47.852,-45.410,-41.992,-44.922,0.000
1709212187.865,-47.852,-44.434,-46.875,-53.711,0.000
1709212187.869,-39.062,-43.457,-39.551,-46.387,0.000
1709212187.873,-35.156,-39.062,-34.668,-37.109,0.000
1709212187.877,-31.738,-39.062,-31.250,-41.992,0.000
1709212187.880,-36.133,-50.293,-34.668,-51.758,0.000
1709212187.884,-35.156,-54.688,-39.551,-51.758,0.000
1709212187.888,-28.320,-48.828,-38.574,-36.133,0.000
1709212187.892,-23.926,-52.246,-31.250,-26.367,0.000
1709212187.896,-32.227,-39.551,-28.809,-30.273,0.000
1709212187.900,-47.363,-29.785,-37.598,-45.410,0.000
1709212187.904,-37.598,-44.434,-33.691,-46.875,0.000
1709212187.908,-31.250,-41.992,-35.156,-36.621,0.000
1709212187.912,-32.715,-38.574,-51.270,-35.645,0.000
1709212187.916,-33.203,-47.363,-43.945,-41.016,0.000
1709212187.920,-47.363,-43.457,-38.086,-41.504,0.000
1709212187.923,-53.223,-41.016,-41.504,-28.809,0.000
1709212187.927,-41.504,-49.316,-38.574,-15.625,0.000
1709212187.931,-28.320,-42.480,-39.062,-19.531,0.000
1709212187.935,-38.086,-37.109,-42.969,-39.551,0.000
1709212187.939,-42.969,-40.039,-44.922,-39.062,0.000
1709212187.943,-41.504,-47.363,-41.992,-29.785,0.000
1709212187.947,-48.828,-52.246,-34.180,-28.320,0.000
1709212187.951,-44.434,-36.621,-29.785,-23.438,0.000
1709212187.955,-43.457,-25.391,-31.250,-29.785,0.000
1709212187.959,-40.527,-40.039,-33.691,-45.898,0.000
1709212187.963,-40.039,-54.199,-35.645,-41.992,0.000
1709212187.966,-50.293,-50.781,-37.598,-35.645,0.000
1709212187.970,-45.410,-53.223,-36.133,-36.621,0.000
1709212187.974,-42.969,-50.293,-38.574,-44.434,0.000
1709212187.978,-51.270,-44.434,-40.527,-50.293,0.000
1709212187.982,-60.059,-45.898,-41.016,-47.852,0.000
1709212187.986,-64.941,-35.156,-43.457,-44.434,0.000
1709212187.990,-60.059,-31.250,-45.898,-42.480,0.000
1709212187.994,-56.641,-39.062,-44.922,-34.668,0.000
1709212187.998,-61.523,-47.363,-48.340,-42.480,0.000
1709212188.002,-66.895,-50.781,-50.293,-55.664,0.000
1709212188.005,-56.641,-32.715,-41.504,-45.410,0.000
1709212188.009,-44.434,-36.621,-41.992,-40.039,0.000
1709212188.013,-38.574,-42.480,-43.945,-43.945,0.000
1709212188.017,-36.621,-34.668,-43.457,-56.152,0.000
1709212188.021,-44.922,-38.574,-41.992,-58.594,0.000
1709212188.025,-53.711,-41.016,-39.062,-44.434,0.000
1709212188.029,-49.316,-52.734,-41.504,-33.691,0.000
1709212188.033,-49.805,-60.059,-41.992,-36.621,0.000
1709212188.037,-51.758,-45.898,-40.039,-41.504,0.000
1709212188.041,-48.340,-31.738,-41.992,-40.039,0.000
1709212188.045,-44.434,-32.715,-40.039,-32.227,0.000
1709212188.048,-34.668,-38.574,-41.504,-22.461,0.000
1709212188.052,-32.227,-29.785,-44.922,-20.996,0.000
1709212188.056,-35.645,-33.691,-44.922,-26.855,0.000
1709212188.060,-30.273,-48.340,-44.434,-26.367,0.000
1709212188.064,-29.785,-39.062,-41.992,-19.043,0.000
1709212188.068,-29.297,-26.367,-42.969,-20.996,0.000
1709212188.072,-33.691,-21.484,-52.734,-30.273,0.000
1709212188.076,-32.227,-19.531,-50.781,-37.598,0.000
1709212188.080,-36.133,-20.508,-43.457,-40.039,0.000
1709212188.084,-49.316,-30.762,-43.945,-34.180,0.000
1709212188.087,-42.969,-37.109,-46.875,-35.156,0.000
1709212188.091,-30.273,-26.367,-45.410,-40.527,0.000
1709212188.095,-28.809,-24.902,-37.598,-43.945,0.000
1709212188.099,-35.645,-36.621,-34.668,-42.480,0.000
1709212188.103,-42.480,-39.062,-35.156,-41.504,0.000
1709212188.107,-40.527,-39.062,-41.504,-45.410,0.000
1709212188.111,-41.016,-44.434,-39.551,-41.992,0.000
1709212188.115,-45.410,-37.598,-38.574,-35.156,0.000
1709212188.119,-43.945,-32.227,-41.504,-37.598,0.000
1709212188.123,-42.969,-34.180,-34.668,-33.691,0.000
1709212188.126,-49.316,-35.156,-40.039,-25.879,0.000
1709212188.130,-46.387,-40.039,-52.734,-21.973,0.000
1709212188.134,-33.203,-40.039,-44.434,-19.043,0.000
1709212188.138,-42.969,-37.598,-42.480,-25.879,0.000
1709212188.142,-51.758,-34.180,-48.828,-34.180,0.000
1709212188.146,-49.316,-32.715,-52.246,-48.828,0.000
1709212188.150,-43.457,-39.551,-54.688,-53.711,0.000
1709212188.154,-30.273,-40.527,-48.340,-36.621,0.000
1709212188.158,-31.250,-40.039,-42.969,-27.344,0.000
1709212188.162,-40.527,-43.457,-44.922,-27.832,0.000
1709212188.165,-33.691,-45.410,-45.410,-28.320,0.000
1709212188.169,-20.020,-45.410,-50.781,-19.531,0.000
1709212188.173,-20.020,-45.898,-47.363,-13.184,0.000
1709212188.177,-24.902,-45.410,-48.340,-23.926,0.000
1709212188.181,-22.461,-44.434,-55.664,-21.484,0.000
1709212188.185,-22.949,-33.691,-51.758,-19.531,0.000
1709212188.189,-16.113,-20.020,-50.293,-18.555,0.000
1709212188.193,-12.207,-31.738,-50.293,-17.090,0.000
1709212188.197,-14.160,-48.340,-43.945,-24.414,0.000
1709212188.201,-20.020,-45.898,-39.551,-32.715,0.000
1709212188.204,-29.297,-33.691,-44.922,-32.227,0.000
1709212188.208,-23.438,-30.273,-43.457,-23.438,0.000
1709212188.212,-13.184,-30.762,-35.645,-18.555,0.000
1709212188.216,-20.996,-41.016,-41.992,-19.531,0.000
1709212188.220,-43.945,-40.527,-37.109,-25.879,0.000
1709212188.224,-57.129,-31.738,-33.691,-41.016,0.000
1709212188.228,-57.617,-40.039,-32.715,-46.387,0.000
1709212188.232,-52.246,-46.387,-27.344,-42.480,0.000
1709212188.236,-61.523,-39.551,-37.109,-51.270,0.000
1709212188.240,-68.359,-40.039,-41.992,-62.988,0.000
1709212188.244,-62.012,-42.969,-42.969,-65.918,0.000
1709212188.247,-51.758,-35.156,-40.527,-65.430,0.000
1709212188.251,-50.781,-42.969,-38.086,-63.477,0.000
1709212188.255,-53.711,-53.711,-42.480,-62.500,0.000
1709212188.259,-50.293,-50.781,-45.410,-58.105,0.000
1709212188.263,-49.316,-49.316,-41.016,-51.758,0.000
1709212188.267,-43.457,-41.016,-46.387,-40.039,0.000
1709212188.271,-42.969,-36.621,-62.012,-22.461,0.000
1709212188.275,-42.480,-47.852,-41.992,-31.250,0.000
1709212188.279,-40.527,-41.992,-26.367,-46.387,0.000
1709212188.283,-49.316,-20.508,-31.250,-56.641,0.000
1709212188.287,-42.480,-29.297,-30.762,-48.340,0.000
1709212188.290,-23.926,-51.270,-28.320,-34.180,0.000
1709212188.294,-28.320,-50.293,-36.133,-44.922,0.000
1709212188.298,-37.109,-36.621,-44.922,-56.152,0.000
1709212188.302,-37.109,-28.809,-39.062,-48.828,0.000
1709212188.306,-32.227,-30.273,-34.180,-38.086,0.000
1709212188.310,-21.484,-43.457,-35.156,-26.855,0.000
1709212188.314,-28.320,-44.922,-40.039,-22.949,0.000
1709212188.318,-41.016,-38.574,-42.969,-46.387,0.000
1709212188.322,-44.434,-44.922,-41.016,-62.012,0.000
1709212188.326,-43.457,-44.922,-37.598,-57.129,0.000
1709212188.330,-41.992,-34.668,-33.691,-51.758,0.000
1709212188.333,-46.875,-33.691,-38.574,-59.570,0.000
1709212188.337,-55.664,-38.086,-41.504,-65.918,0.000
1709212188.341,-58.594,-35.645,-37.598,-63.477,0.000
1709212188.345,-54.199,-28.320,-34.180,-62.012,0.000
1709212188.349,-50.293,-31.738,-40.039,-59.570,0.000
1709212188.353,-57.129,-39.551,-44.922,-64.941,0.000
1709212188.357,-59.082,-37.598,-38.086,-65.430,0.000
1709212188.361,-53.711,-29.785,-34.668,-61.523,0.000
1709212188.365,-53.223,-26.367,-35.156,-54.199,0.000
1709212188.369,-47.852,-29.785,-35.645,-41.992,0.000
1709212188.373,-44.434,-31.738,-34.180,-44.434,0.000
1709212188.376,-44.922,-38.574,-36.621,-48.340,0.000
1709212188.380,-36.133,-41.504,-38.086,-48.828,0.000
1709212188.384,-28.320,-31.738,-39.062,-51.270,0.000
1709212188.388,-33.203,-34.668,-44.922,-49.316,0.000
1709212188.392,-30.273,-40.039,-45.410,-42.969,0.000
1709212188.396,-24.414,-45.898,-42.969,-33.203,0.000
1709212188.400,-34.668,-40.039,-50.781,-28.809,0.000
1709212188.404,-47.852,-32.227,-53.711,-37.598,0.000
1709212188.408,-44.434,-31.738,-44.922,-48.828,0.000
1709212188.412,-34.180,-35.156,-40.527,-43.945,0.000
1709212188.415,-36.133,-42.480,-44.434,-43.457,0.000
1709212188.419,-40.527,-34.668,-33.203,-43.457,0.000
1709212188.423,-49.316,-28.320,-27.344,-40.039,0.000
1709212188.427,-67.871,-39.551,-43.945,-48.828,0.000
1709212188.431,-71.777,-42.969,-52.246,-51.758,0.000
1709212188.435,-62.012,-33.203,-49.316,-48.340,0.000
1709212188.439,-56.152,-39.062,-43.457,-41.016,0.000
1709212188.443,-59.082,-45.410,-41.504,-37.598,0.000
1709212188.447,-56.641,-39.551,-40.527,-37.598,0.000
1709212188.451,-53.223,-34.180,-39.062,-32.227,0.000
1709212188.454,-54.688,-43.457,-39.062,-31.250,0.000
1709212188.458,-50.781,-43.457,-29.297,-26.855,0.000
1709212188.462,-55.664,-31.738,-37.598,-37.598,0.000
1709212188.466,-45.898,-31.738,-50.293,-46.875,0.000
1709212188.470,-33.691,-35.645,-44.434,-39.062,0.000
1709212188.474,-39.062,-38.086,-46.875,-49.316,0.000
1709212188.478,-45.898,-37.109,-50.293,-61.035,0.000
1709212188.482,-45.410,-30.273,-42.969,-59.570,0.000
1709212188.486,-37.109,-26.855,-34.668,-48.828,0.000
1709212188.490,-40.039,-28.320,-37.109,-37.109,0.000
1709212188.493,-41.992,-35.156,-34.668,-31.250,0.000
1709212188.497,-36.621,-40.039,-27.832,-40.039,0.000
1709212188.501,-43.457,-53.223,-35.156,-53.711,0.000
1709212188.505,-46.387,-54.688,-41.504,-57.617,0.000
1709212188.509,-43.945,-36.621,-36.133,-52.246,0.000
1709212188.513,-38.574,-38.086,-41.504,-44.434,0.000
1709212188.517,-44.434,-37.598,-43.457,-44.922,0.000
1709212188.521,-44.922,-34.180,-42.480,-49.316,0.000
1709212188.525,-37.598,-34.180,-41.992,-43.945,0.000
1709212188.529,-32.715,-30.762,-40.527,-38.086,0.000
1709212188.532,-29.785,-36.133,-38.574,-40.039,0.000
1709212188.536,-28.809,-41.992,-35.645,-35.156,0.000
1709212188.540,-27.344,-61.035,-33.691,-31.250,0.000
1709212188.544,-27.832,-58.105,-31.738,-24.902,0.000
1709212188.548,-29.785,-33.691,-35.156,-12.207,0.000
1709212188.552,-29.297,-21.973,-36.621,-25.879,0.000
1709212188.556,-27.832,-20.996,-41.016,-43.945,0.000
1709212188.560,-27.832,-27.344,-40.527,-40.039,0.000
1709212188.564,-32.227,-35.156,-37.109,-36.133,0.000
1709212188.568,-25.391,-35.645,-37.109,-24.414,0.000
1709212188.571,-20.996,-34.668,-36.133,-19.531,0.000
1709212188.575,-34.668,-49.805,-37.598,-27.832,0.000
1709212188.579,-41.992,-46.875,-41.016,-35.156,0.000
1709212188.583,-44.922,-33.203,-45.898,-33.691,0.000
1709212188.587,-37.598,-43.457,-45.898,-29.785,0.000
1709212188.591,-30.762,-45.410,-49.805,-28.809,0.000
1709212188.595,-35.156,-34.668,-50.781,-27.832,0.000
1709212188.599,-40.527,-38.086,-46.875,-36.133,0.000
1709212188.603,-36.621,-40.039,-45.410,-37.598,0.000
1709212188.607,-33.203,-40.039,-42.480,-32.227,0.000
1709212188.610,-40.039,-44.434,-41.992,-37.598,0.000
1709212188.614,-41.016,-48.340,-41.504,-38.086,0.000
1709212188.618,-42.480,-47.852,-34.668,-31.250,0.000
1709212188.622,-50.781,-45.410,-29.297,-31.738,0.000
1709212188.626,-46.875,-46.387,-30.762,-25.879,0.000
1709212188.630,-35.645,-49.805,-35.156,-24.414,0.000
1709212188.634,-29.297,-55.664,-33.203,-34.180,0.000
1709212188.638,-34.668,-57.129,-32.715,-46.387,0.000
1709212188.642,-36.621,-43.945,-33.691,-49.316,0.000
1709212188.646,-31.250,-40.527,-32.715,-35.156,0.000
1709212188.650,-37.598,-50.293,-45.898,-40.039,0.000
1709212188.654,-36.621,-47.852,-50.293,-39.062,0.000
1709212188.657,-37.598,-40.527,-47.363,-44.434,0.000
1709212188.661,-46.387,-39.062,-46.387,-59.082,0.000
1709212188.665,-46.875,-40.527,-48.340,-53.223,0.000
1709212188.669,-44.922,-50.293,-45.898,-41.016,0.000
1709212188.673,-41.504,-53.711,-36.621,-38.574,0.000
1709212188.677,-41.992,-45.898,-33.203,-49.316,0.000
1709212188.681,-52.734,-42.969,-35.645,-47.852,0.000
1709212188.685,-51.758,-44.922,-41.016,-44.434,0.000
1709212188.689,-43.457,-40.039,-43.945,-48.340,0.000
1709212188.693,-42.480,-36.133,-40.039,-52.734,0.000
1709212188.697,-37.109,-40.527,-34.668,-53.711,0.000
1709212188.700,-45.410,-46.387,-35.645,-57.617,0.000
1709212188.704,-53.711,-47.852,-37.598,-50.293,0.000
1709212188.708,-55.176,-51.758,-34.668,-39.062,0.000
1709212188.712,-54.688,-44.434,-34.180,-41.504,0.000
1709212188.716,-47.363,-40.039,-39.062,-55.176,0.000
1709212188.720,-53.711,-47.852,-41.016,-63.965,0.000
1709212188.724,-61.523,-46.875,-35.645,-53.223,0.000
1709212188.728,-54.688,-44.434,-35.156,-49.805,0.000
1709212188.732,-48.340,-40.527,-33.203,-47.363,0.000
1709212188.736,-56.152,-36.133,-37.109,-48.340,0.000
1709212188.740,-52.246,-42.969,-35.645,-49.316,0.000
1709212188.743,-49.316,-52.246,-34.668,-49.805,0.000
1709212188.747,-54.688,-46.387,-39.551,-48.340,0.000
1709212188.751,-55.664,-41.992,-37.598,-49.805,0.000
1709212188.755,-56.152,-44.922,-35.645,-53.223,0.000
1709212188.759,-53.223,-47.363,-37.598,-53.711,0.000
1709212188.763,-54.199,-42.969,-37.109,-55.176,0.000
1709212188.767,-55.664,-46.387,-38.574,-53.223,0.000
1709212188.771,-38.574,-50.781,-37.109,-34.668,0.000
1709212188.775,-30.273,-36.133,-32.715,-29.785,0.000
1709212188.779,-38.574,-30.273,-29.297,-47.852,0.000
1709212188.782,-46.387,-44.922,-29.785,-48.828,0.000
1709212188.786,-43.945,-57.129,-28.320,-45.410,0.000
1709212188.790,-36.621,-56.641,-34.180,-43.457,0.000
1709212188.794,-39.062,-41.504,-39.062,-43.945,0.000
1709212188.798,-48.340,-39.062,-40.039,-49.805,0.000
1709212188.802,-56.641,-42.480,-41.992,-49.316,0.000
1709212188.806,0.000,-38.086,-41.504,-44.434,0.000
1709212188.810,0.000,-44.434,-41.504,-36.621,0.000
1709212188.814,0.000,-62.012,-37.109,-29.297,0.000
1709212188.818,0.000,-61.035,-32.227,-28.809,0.000
1709212188.822,0.000,-41.992,-29.785,-47.363,0.000
1709212188.825,0.000,-43.457,-32.715,-70.312,0.000
1709212188.829,0.000,-42.480,-34.668,-70.312,0.000
1709212188.833,0.000,-37.109,-35.645,-46.387,0.000
1709212188.837,0.000,-50.781,-30.762,-41.504,0.000
1709212188.841,0.000,-47.852,-34.180,-43.945,0.000
1709212188.845,0.000,-39.551,-38.574,-32.227,0.000
1709212188.849,0.000,-43.945,-31.738,-28.809,0.000
1709212188.853,-31.738,-38.574,-33.203,-38.086,0.000
1709212188.857,-27.344,-35.645,-33.691,-40.527,0.000
1709212188.861,-49.805,-41.992,-29.785,-50.781,0.000
1709212188.864,-71.289,-41.016,-37.109,-54.688,0.000
1709212188.868,-60.547,-42.480,-41.016,-48.828,0.000
1709212188.872,-51.758,-57.129,-40.527,-45.898,0.000
1709212188.876,-56.641,-55.664,-38.086,-41.992,0.000
1709212188.880,-63.477,-43.945,-35.645,-40.039,0.000
1709212188.884,-69.336,-48.828,-47.363,-45.898,0.000
1709212188.888,-66.895,-47.852,-48.828,-45.898,0.000
1709212188.892,-50.293,-43.457,-40.039,-39.062,0.000
1709212188.896,-52.734,-38.086,-36.621,-37.598,0.000
1709212188.899,-47.852,-35.156,-41.504,-43.457,0.000
1709212188.903,-39.551,-39.062,-47.363,-43.457,0.000
1709212188.907,-47.363,-36.133,-47.852,-35.645,0.000
1709212188.911,-37.109,-35.156,-42.969,-28.809,0.000
1709212188.915,-24.902,-33.691,-41.992,-31.250,0.000
1709212188.919,-27.344,-37.598,-41.504,-24.902,0.000
1709212188.923,-33.203,-49.316,-37.109,-11.230,0.000
1709212188.927,-28.320,-42.969,-36.621,-17.578,0.000
1709212188.931,-17.578,-34.180,-30.762,-21.484,0.000
1709212188.935,-23.926,-36.621,-28.320,-23.438,0.000
1709212188.939,-34.180,-42.480,-35.645,-41.992,0.000
1709212188.942,-35.156,-32.227,-41.016,-49.805,0.000
1709212188.946,-32.227,-20.996,-38.574,-42.969,0.000
1709212188.950,-33.691,-34.180,-41.992,-41.504,0.000
1709212188.954,-34.180,-43.945,-43.945,-37.109,0.000
1709212188.958,-34.180,-37.598,-39.062,-42.480,0.000
1709212188.962,-41.504,-38.574,-36.621,-54.199,0.000
1709212188.966,-41.016,-48.340,-38.086,-53.711,0.000
1709212188.970,-28.809,-55.664,-34.180,-40.039,0.000
1709212188.974,-32.227,-41.504,-31.738,-41.504,0.000
1709212188.978,-44.434,-28.809,-34.180,-47.363,0.000
1709212188.981,-44.922,-33.203,-32.227,-36.621,0.000
1709212188.985,-47.852,-35.156,-37.109,-31.250,0.000
1709212188.989,-38.086,-28.809,-48.340,-31.250,0.000
1709212188.993,-21.973,-22.949,-40.527,-33.203,0.000
1709212188.997,-27.344,-30.273,-29.785,-37.109,0.000
1709212189.001,-39.551,-30.273,-32.227,-33.203,0.000
1709212189.005,-41.504,-29.785,-35.645,-36.621,0.000
1709212189.009,-35.645,-31.250,-39.551,-41.504,0.000
1709212189.013,-35.645,-32.227,-41.504,-44.922,0.000
1709212189.017,-46.875,-34.180,-43.945,-52.734,0.000
1709212189.021,-47.363,-35.156,-47.363,-53.711,0.000
1709212189.024,-38.086,-32.715,-50.781,-41.016,0.000
1709212189.028,-34.668,-34.180,-55.176,-27.344,0.000
1709212189.032,-32.715,-42.969,-50.293,-31.250,0.000
1709212189.036,-33.691,-46.875,-44.434,-37.598,0.000
1709212189.040,-39.551,-31.250,-46.387,-37.109,0.000
1709212189.044,-36.133,-26.855,-47.363,-35.156,0.000
1709212189.048,-27.344,-27.344,-41.992,-38.086,0.000
1709212189.052,-29.297,-29.297,-43.457,-39.551,0.000
1709212189.056,-33.691,-28.320,-40.039,-36.621,0.000
1709212189.060,-37.598,-39.551,-35.156,-44.922,0.000
1709212189.064,-44.922,-39.062,-41.992,-61.035,0.000
1709212189.067,-45.410,-28.809,-50.293,-63.477,0.000
1709212189.071,-35.645,-40.527,-44.922,-45.898,0.000
1709212189.075,-34.668,-38.086,-39.551,-42.480,0.000
1709212189.079,-47.852,-31.738,-47.363,-56.152,0.000
1709212189.083,-54.199,-44.434,-44.922,-48.340,0.000
1709212189.087,-56.641,-50.293,-41.992,-40.527,0.000
1709212189.091,-49.805,-36.621,-38.086,-42.969,0.000
1709212189.095,-46.387,-35.156,-38.574,-41.016,0.000
1709212189.099,-64.941,-44.434,-46.875,-41.992,0.000
1709212189.103,-68.359,-35.156,-41.504,-46.875,0.000
1709212189.107,-56.641,-34.668,-33.691,-36.133,0.000
1709212189.110,-53.711,-39.551,-33.691,-27.832,0.000
1709212189.114,-50.781,-38.086,-33.691,-28.809,0.000
1709212189.118,-51.758,-47.852,-33.691,-20.996,0.000
1709212189.122,-60.547,-41.504,-38.574,-28.320,0.000
1709212189.126,-49.316,-36.621,-43.457,-34.668,0.000
1709212189.130,-34.668,-41.504,-41.504,-30.273,0.000
1709212189.134,-39.062,-40.039,-37.598,-33.691,0.000
1709212189.138,-41.504,-30.762,-40.039,-33.691,0.000
1709212189.142,-37.109,-30.273,-40.527,-34.668,0.000
1709212189.146,-29.785,-36.621,-34.668,-40.527,0.000
1709212189.150,-34.668,-41.016,-30.762,-45.410,0.000
1709212189.153,-47.852,-42.480,-33.691,-41.504,0.000
1709212189.157,-44.434,-31.738,-34.180,-32.715,0.000
1709212189.161,-33.691,-29.785,-30.762,-28.809,0.000
1709212189.165,-43.945,-44.434,-31.738,-31.250,0.000
1709212189.169,-50.293,-54.688,-43.457,-45.410,0.000
1709212189.173,-47.363,-50.781,-45.410,-58.105,0.000
1709212189.177,-51.758,-52.246,-41.992,-56.152,0.000
1709212189.181,-59.570,-48.828,-45.410,-49.805,0.000
1709212189.185,-51.270,-37.109,-39.062,-45.410,0.000
1709212189.189,-40.039,-34.180,-35.645,-44.434,0.000
1709212189.192,-46.875,-35.645,-42.969,-52.246,0.000
1709212189.196,-61.523,-39.551,-45.410,-63.965,0.000
1709212189.200,-65.430,-45.410,-41.992,-60.059,0.000
1709212189.204,-62.500,-43.945,-35.156,-44.434,0.000
1709212189.208,-54.688,-41.016,-29.785,-23.438,0.000
1709212189.212,-51.270,-44.922,-31.250,-23.438,0.000
1709212189.216,-46.875,-42.480,-36.621,-38.086,0.000
1709212189.220,-42.969,-41.016,-34.668,-48.828,0.000
1709212189.224,-48.340,-42.480,-29.785,-51.758,0.000
1709212189.228,-58.105,-47.363,-32.227,-55.176,0.000
1709212189.231,-42.480,-48.340,-38.086,-53.223,0.000
1709212189.235,-26.855,-44.922,-34.668,-41.992,0.000
1709212189.239,-33.203,-39.062,-28.809,-39.551,0.000
1709212189.243,-28.809,-33.691,-28.320,-38.086,0.000
1709212189.247,-16.113,-29.785,-29.297,-26.367,0.000
1709212189.251,-6.836,-39.551,-29.297,-13.672,0.000
1709212189.255,-10.742,-49.316,-29.297,-14.648,0.000
1709212189.259,-20.996,-33.203,-29.297,-27.832,0.000
1709212189.263,-24.414,-29.297,-29.297,-25.879,0.000
1709212189.267,-24.414,-44.922,-30.762,-20.020,0.000
1709212189.271,-26.367,-51.758,-36.621,-38.086,0.000
1709212189.274,-29.297,-45.410,-40.527,-52.734,0.000
1709212189.278,-31.250,-35.645,-38.574,-51.270,0.000
1709212189.282,-42.480,-38.086,-42.480,-45.898,0.000
1709212189.286,-47.363,-38.086,-43.457,-42.480,0.000
1709212189.290,-39.062,-34.668,-36.133,-36.621,0.000
1709212189.294,-38.574,-38.086,-35.645,-39.551,0.000
1709212189.298,-48.340,-38.574,-32.715,-44.922,0.000
1709212189.302,-50.293,-30.762,-34.180,-54.199,0.000
1709212189.306,-39.062,-30.273,-38.086,-53.223,0.000
1709212189.310,-33.691,-35.645,-38.574,-44.922,0.000
1709212189.313,-29.785,-38.086,-38.574,-41.504,0.000
1709212189.317,-31.738,-39.551,-40.527,-39.551,0.000
1709212189.321,-41.992,-37.109,-41.504,-40.527,0.000
1709212189.325,-36.621,-42.969,-37.598,-37.109,0.000
1709212189.329,-28.320,-50.781,-36.621,-28.320,0.000
1709212189.333,-33.203,-46.875,-39.551,-32.227,0.000
1709212189.337,-42.480,-43.457,-42.969,-50.293,0.000
1709212189.341,-43.945,-42.480,-40.527,-53.223,0.000
1709212189.345,-41.504,-46.387,-41.992,-45.898,0.000
1709212189.348,-40.039,-48.340,-43.945,-49.805,0.000
1709212189.352,-32.227,-49.316,-43.945,-43.945,0.000
1709212189.356,-28.320,-42.480,-40.039,-32.715,0.000
1709212189.360,-32.227,-33.691,-33.203,-30.762,0.000
1709212189.364,-21.484,-34.180,-33.691,-23.438,0.000
1709212189.368,-9.766,-41.504,-36.133,-21.973,0.000
1709212189.372,-8.789,-46.387,-35.645,-25.879,0.000
1709212189.376,-16.113,-48.828,-38.574,-34.668,0.000
1709212189.380,-23.926,-46.387,-38.086,-37.109,0.000
1709212189.384,-19.531,-31.738,-31.250,-27.832,0.000
1709212189.388,-23.926,-34.180,-28.809,-24.902,0.000
1709212189.392,-22.461,-40.527,-28.809,-23.438,0.000
1709212189.395,-11.719,-41.504,-36.621,-29.785,0.000
1709212189.399,-29.297,-45.410,-42.969,-32.227,0.000
1709212189.403,-41.016,-50.293,-46.875,-26.855,0.000
1709212189.407,-27.344,-45.898,-44.434,-41.016,0.000
1709212189.411,-29.297,-58.594,-37.109,-43.945,0.000
1709212189.415,-41.992,-62.988,-38.574,-41.016,0.000
1709212189.419,-51.270,-42.480,-43.457,-42.969,0.000
1709212189.423,-56.152,-40.527,-38.086,-42.969,0.000
1709212189.427,-60.547,-40.039,-34.180,-45.898,0.000
1709212189.431,-61.035,-36.133,-34.668,-45.410,0.000
1709212189.435,-57.617,-47.363,-39.062,-43.945,0.000
1709212189.438,-59.082,-44.922,-36.133,-38.574,0.000
1709212189.442,-67.383,-45.410,-34.668,-48.340,0.000
1709212189.446,-67.383,-49.316,-36.621,-55.664,0.000
1709212189.450,-63.477,-40.527,-36.133,-39.551,0.000
1709212189.454,-63.965,-37.109,-33.203,-44.922,0.000
1709212189.458,-59.082,-49.316,-30.273,-52.246,0.000
1709212189.462,-56.641,-45.898,-34.668,-42.480,0.000
1709212189.466,-54.199,-34.180,-34.180,-39.062,0.000
1709212189.470,-40.527,-32.715,-33.203,-36.133,0.000
1709212189.474,-32.715,-35.645,-32.715,-34.668,0.000
1709212189.478,-37.598,-41.016,-34.668,-43.945,0.000
1709212189.481,-41.504,-42.969,-38.086,-54.688,0.000
1709212189.485,-33.203,-35.645,-40.527,-53.223,0.000
1709212189.489,-20.996,-36.133,-35.156,-35.645,0.000
1709212189.493,-22.949,-34.180,-33.691,-24.414,0.000
1709212189.497,-42.480,-26.367,-39.062,-32.227,0.000
1709212189.501,-43.457,-31.738,-36.621,-40.527,0.000
1709212189.505,-35.156,-43.457,-37.598,-48.340,0.000
1709212189.509,-27.832,-38.574,-41.016,-45.898,0.000
1709212189.513,-24.902,-27.344,-37.109,-40.039,0.000
1709212189.517,-37.598,-32.227,-41.016,-50.781,0.000
1709212189.520,-48.340,-39.062,-46.875,-53.711,0.000
1709212189.524,-46.875,-40.039,-46.875,-46.875,0.000
1709212189.528,-45.410,-45.410,-44.922,-52.246,0.000
1709212189.532,-45.898,-46.875,-39.551,-58.594,0.000
1709212189.536,-52.246,-50.293,-37.109,-66.406,0.000
1709212189.540,-49.316,-39.551,-36.133,-59.082,0.000
1709212189.544,-45.410,-31.738,-32.715,-46.387,0.000
1709212189.548,-44.922,-42.480,-33.203,-39.062,0.000
1709212189.552,-43.457,-42.969,-35.645,-30.762,0.000
1709212189.556,-50.293,-41.016,-39.551,-46.387,0.000
1709212189.560,-49.805,-38.086,-40.527,-57.617,0.000
1709212189.564,-45.898,-33.203,-38.086,-48.828,0.000
1709212189.568,-39.551,-33.203,-38.574,-46.875,0.000
1709212189.571,-29.785,-28.320,-34.180,-39.062,0.000
1709212189.575,-32.715,-22.949,-38.086,-44.434,0.000
1709212189.579,-35.645,-28.809,-37.598,-53.711,0.000
1709212189.583,-40.039,-36.621,-37.109,-50.781,0.000
1709212189.587,-42.969,-35.156,-42.969,-48.340,0.000
1709212189.591,-43.457,-31.738,-42.969,-41.016,0.000
1709212189.595,-40.527,-34.180,-42.969,-37.598,0.000
1709212189.599,-36.621,-39.551,-43.457,-37.598,0.000
1709212189.603,-40.527,-41.016,-38.086,-38.574,0.000
1709212189.607,-31.250,-35.156,-32.227,-35.156,0.000
1709212189.610,-13.184,-27.832,-28.320,-19.531,0.000
1709212189.614,-10.742,-27.832,-34.668,-17.578,0.000
1709212189.618,-17.578,-28.320,-35.156,-29.297,0.000
1709212189.622,-28.809,-30.273,-32.227,-31.250,0.000
1709212189.626,-36.621,-39.062,-39.551,-28.809,0.000
1709212189.630,-33.203,-44.434,-43.457,-37.109,0.000
1709212189.634,-36.621,-50.781,-51.758,-58.594,0.000
1709212189.638,-43.945,-48.340,-52.734,-66.406,0.000
1709212189.642,-60.059,-32.715,-42.969,-58.594,0.000
1709212189.646,-61.523,-36.133,-40.039,-51.758,0.000
1709212189.649,-45.898,-40.527,-39.062,-47.852,0.000
1709212189.653,-45.898,-33.203,-40.039,-52.734,0.000
1709212189.657,-52.246,-35.645,-39.551,-49.316,0.000
1709212189.661,-51.758,-39.062,-41.992,-51.758,0.000
1709212189.665,-48.340,-40.527,-45.410,-57.129,0.000
1709212189.669,-44.434,-41.504,-43.457,-41.992,0.000
1709212189.673,-41.992,-41.016,-43.457,-33.691,0.000
1709212189.677,-40.039,-33.691,-45.410,-44.922,0.000
1709212189.681,-41.992,-31.738,-49.805,-48.340,0.000
1709212189.685,-45.410,-41.016,-55.176,-41.016,0.000
1709212189.688,-36.621,-42.480,-55.664,-38.574,0.000
1709212189.692,-31.738,-41.504,-43.457,-33.203,0.000
1709212189.696,-32.715,-47.852,-39.551,-30.273,0.000
1709212189.700,-31.250,-41.504,-44.922,-38.574,0.000
1709212189.704,-30.273,-31.738,-40.527,-40.039,0.000
1709212189.708,-38.574,-27.344,-44.434,-33.203,0.000
1709212189.712,-40.527,-34.180,-48.828,-34.180,0.000
1709212189.716,-31.738,-50.781,-39.551,-25.391,0.000
1709212189.720,-32.227,-47.852,-38.086,-28.809,0.000
1709212189.724,-45.898,-35.645,-43.457,-55.664,0.000
1709212189.728,-52.246,-35.156,-46.875,-52.734,0.000
1709212189.731,-44.922,-42.969,-36.133,-31.738,0.000
1709212189.735,-40.039,-41.992,-26.855,-41.016,0.000
1709212189.739,-45.410,-37.109,-40.527,-59.082,0.000
